/*--------------------------------*- C++ -*----------------------------------*\
| =========                 |                                                 |
| \\      /  F ield         | OpenFOAM: The Open Source CFD Toolbox           |
|  \\    /   O peration     | Version:  2312                                  |
|   \\  /    A nd           | Website:  www.openfoam.com                      |
|    \\/     M anipulation  |                                                 |
\*---------------------------------------------------------------------------*/
FoamFile
{
    version     2.0;
    format      ascii;
    arch        "LSB;label=32;scalar=64";
    note        "nPoints:12174  nCells:5880  nFaces:23726  nInternalFaces:11554";
    class       labelList;
    location    "constant/polyMesh";
    object      neighbour;
}
// * * * * * * * * * * * * * * * * * * * * * * * * * * * * * * * * * * * * * //


11554
(
1
55
2
56
3
57
4
58
5
59
6
60
7
61
8
62
9
63
10
64
11
65
12
66
13
67
14
68
15
69
16
70
17
71
18
72
19
73
20
74
21
75
22
76
23
77
24
78
25
79
26
80
27
81
28
82
29
83
30
84
31
85
32
86
33
87
34
88
35
89
36
90
37
91
38
92
39
93
40
94
41
95
42
96
43
97
44
98
45
99
46
100
47
101
48
102
49
103
50
104
51
105
52
106
53
107
54
108
109
56
110
57
111
58
112
59
113
60
114
61
115
62
116
63
117
64
118
65
119
66
120
67
121
68
122
69
123
70
124
71
125
72
126
73
127
74
128
75
129
76
130
77
131
78
132
79
133
80
134
81
135
82
136
83
137
84
138
85
139
86
140
87
141
88
142
89
143
90
144
91
145
92
146
93
147
94
148
95
149
96
150
97
151
98
152
99
153
100
154
101
155
102
156
103
157
104
158
105
159
106
160
107
161
108
162
109
163
164
111
165
112
166
113
167
114
168
115
169
116
170
117
171
118
172
119
173
120
174
121
175
122
176
123
177
124
178
125
179
126
180
127
181
128
182
129
183
130
184
131
185
132
186
133
187
134
188
135
189
136
190
137
191
138
192
139
193
140
194
141
195
142
196
143
197
144
198
145
199
146
200
147
201
148
202
149
203
150
204
151
205
152
206
153
207
154
208
155
209
156
210
157
211
158
212
159
213
160
214
161
215
162
216
163
217
164
218
219
166
220
167
221
168
222
169
223
170
224
171
225
172
226
173
227
174
228
175
229
176
230
177
231
178
232
179
233
180
234
181
235
182
236
183
237
184
238
185
239
186
240
187
241
188
242
189
243
190
244
191
245
192
246
193
247
194
248
195
249
196
250
197
251
198
252
199
253
200
254
201
255
202
256
203
257
204
258
205
259
206
260
207
261
208
262
209
263
210
264
211
265
212
266
213
267
214
268
215
269
216
270
217
271
218
272
219
273
274
221
275
222
276
223
277
224
278
225
279
226
280
227
281
228
282
229
283
230
284
231
285
232
286
233
287
234
288
235
289
236
290
237
291
238
292
239
293
240
294
241
295
242
296
243
297
244
298
245
299
246
300
247
301
248
302
249
303
250
304
251
305
252
306
253
307
254
308
255
309
256
310
257
311
258
312
259
313
260
314
261
315
262
316
263
317
264
318
265
319
266
320
267
321
268
322
269
323
270
324
271
325
272
326
273
327
274
328
329
276
330
277
331
278
332
279
333
280
334
281
335
282
336
283
337
284
338
285
339
286
340
287
341
288
342
289
343
290
344
291
345
292
346
293
347
294
348
295
349
296
350
297
351
298
352
299
353
300
354
301
355
302
356
303
357
304
358
305
359
306
360
307
361
308
362
309
363
310
364
311
365
312
366
313
367
314
368
315
369
316
370
317
371
318
372
319
373
320
374
321
375
322
376
323
377
324
378
325
379
326
380
327
381
328
382
329
383
384
331
385
332
386
333
387
334
388
335
389
336
390
337
391
338
392
339
393
340
394
341
395
342
396
343
397
344
398
345
399
346
400
347
401
348
402
349
403
350
404
351
405
352
406
353
407
354
408
355
409
356
410
357
411
358
412
359
413
360
414
361
415
362
416
363
417
364
418
365
419
366
420
367
421
368
422
369
423
370
424
371
425
372
426
373
427
374
428
375
429
376
430
377
431
378
432
379
433
380
434
381
435
382
436
383
437
384
438
439
386
440
387
441
388
442
389
443
390
444
391
445
392
446
393
447
394
448
395
449
396
450
397
451
398
452
399
453
400
454
401
455
402
456
403
457
404
458
405
459
406
460
407
461
408
462
409
463
410
464
411
465
412
466
413
467
414
468
415
469
416
470
417
471
418
472
419
473
420
474
421
475
422
476
423
477
424
478
425
479
426
480
427
481
428
482
429
483
430
484
431
485
432
486
433
487
434
488
435
489
436
490
437
491
438
492
439
493
494
441
495
442
496
443
497
444
498
445
499
446
500
447
501
448
502
449
503
450
504
451
505
452
506
453
507
454
508
455
509
456
510
457
511
458
512
459
513
460
514
461
515
462
516
463
517
464
518
465
519
466
520
467
521
468
522
469
523
470
524
471
525
472
526
473
527
474
528
475
529
476
530
477
531
478
532
479
533
480
534
481
535
482
536
483
537
484
538
485
539
486
540
487
541
488
542
489
543
490
544
491
545
492
546
493
547
494
548
549
496
550
497
551
498
552
499
553
500
554
501
555
502
556
503
557
504
558
505
559
506
560
507
561
508
562
509
563
510
564
511
565
512
566
513
567
514
568
515
569
516
570
517
571
518
572
519
573
520
574
521
575
522
576
523
577
524
578
525
579
526
580
527
581
528
582
529
583
530
584
531
585
532
586
533
587
534
588
535
589
536
590
537
591
538
592
539
593
540
594
541
595
542
596
543
597
544
598
545
599
546
600
547
601
548
602
549
603
604
551
605
552
606
553
607
554
608
555
609
556
610
557
611
558
612
559
613
560
614
561
615
562
616
563
617
564
618
565
619
566
620
567
621
568
622
569
623
570
624
571
625
572
626
573
627
574
628
575
629
576
630
577
631
578
632
579
633
580
634
581
635
582
636
583
637
584
638
585
639
586
640
587
641
588
642
589
643
590
644
591
645
592
646
593
647
594
648
595
649
596
650
597
651
598
652
599
653
600
654
601
655
602
656
603
657
604
658
659
606
660
607
661
608
662
609
663
610
664
611
665
612
666
613
667
614
668
615
669
616
670
617
671
618
672
619
673
620
674
621
675
622
676
623
677
624
678
625
679
626
680
627
681
628
682
629
683
630
684
631
685
632
686
633
687
634
688
635
689
636
690
637
691
638
692
639
693
640
694
641
695
642
696
643
697
644
698
645
699
646
700
647
701
648
702
649
703
650
704
651
705
652
706
653
707
654
708
655
709
656
710
657
711
658
712
659
713
714
661
715
662
716
663
717
664
718
665
719
666
720
667
721
668
722
669
723
670
724
671
725
672
726
673
727
674
728
675
729
676
730
677
731
678
732
679
733
680
734
681
735
682
736
683
737
684
738
685
739
686
740
687
741
688
742
689
743
690
744
691
745
692
746
693
747
694
748
695
749
696
750
697
751
698
752
699
753
700
754
701
755
702
756
703
757
704
758
705
759
706
760
707
761
708
762
709
763
710
764
711
765
712
766
713
767
714
768
769
716
770
717
771
718
772
719
773
720
774
721
775
722
776
723
777
724
778
725
779
726
780
727
781
728
782
729
783
730
784
731
785
732
786
733
787
734
788
735
789
736
790
737
791
738
792
739
793
740
794
741
795
742
796
743
797
744
798
745
799
746
800
747
801
748
802
749
803
750
804
751
805
752
806
753
807
754
808
755
809
756
810
757
811
758
812
759
813
760
814
761
815
762
816
763
817
764
818
765
819
766
820
767
821
768
822
769
823
824
771
825
772
826
773
827
774
828
775
829
776
830
777
831
778
832
779
833
780
834
781
835
782
836
783
837
784
838
785
839
786
840
787
841
788
842
789
843
790
844
791
845
792
846
793
847
794
848
795
849
796
850
797
851
798
852
799
853
800
854
801
855
802
856
803
857
804
858
805
859
806
860
807
861
808
862
809
863
810
864
811
865
812
866
813
867
814
868
815
869
816
870
817
871
818
872
819
873
820
874
821
875
822
876
823
877
824
878
879
826
880
827
881
828
882
829
883
830
884
831
885
832
886
833
887
834
888
835
889
836
890
837
891
838
892
839
893
840
894
841
895
842
896
843
897
844
898
845
899
846
900
847
901
848
902
849
903
850
904
851
905
852
906
853
907
854
908
855
909
856
910
857
911
858
912
859
913
860
914
861
915
862
916
863
917
864
918
865
919
866
920
867
921
868
922
869
923
870
924
871
925
872
926
873
927
874
928
875
929
876
930
877
931
878
932
879
933
934
881
935
882
936
883
937
884
938
885
939
886
940
887
941
888
942
889
943
890
944
891
945
892
946
893
947
894
948
895
949
896
950
897
951
898
952
899
953
900
954
901
955
902
956
903
957
904
958
905
959
906
960
907
961
908
962
909
963
910
964
911
965
912
966
913
967
914
968
915
969
916
970
917
971
918
972
919
973
920
974
921
975
922
976
923
977
924
978
925
979
926
980
927
981
928
982
929
983
930
984
931
985
932
986
933
987
934
988
989
936
990
937
991
938
992
939
993
940
994
941
995
942
996
943
997
944
998
945
999
946
1000
947
1001
948
1002
949
1003
950
1004
951
1005
952
1006
953
1007
954
1008
955
1009
956
1010
957
1011
958
1012
959
1013
960
1014
961
1015
962
1016
963
1017
964
1018
965
1019
966
1020
967
1021
968
1022
969
1023
970
1024
971
1025
972
1026
973
1027
974
1028
975
1029
976
1030
977
1031
978
1032
979
1033
980
1034
981
1035
982
1036
983
1037
984
1038
985
1039
986
1040
987
1041
988
1042
989
1043
1044
991
1045
992
1046
993
1047
994
1048
995
1049
996
1050
997
1051
998
1052
999
1053
1000
1054
1001
1055
1002
1056
1003
1057
1004
1058
1005
1059
1006
1060
1007
1061
1008
1062
1009
1063
1010
1064
1011
1065
1012
1066
1013
1067
1014
1068
1015
1069
1016
1070
1017
1071
1018
1072
1019
1073
1020
1074
1021
1075
1022
1076
1023
1077
1024
1078
1025
1079
1026
1080
1027
1081
1028
1082
1029
1083
1030
1084
1031
1085
1032
1086
1033
1087
1034
1088
1035
1089
1036
1090
1037
1091
1038
1092
1039
1093
1040
1094
1041
1095
1042
1096
1043
1097
1044
1098
1099
1046
1100
1047
1101
1048
1102
1049
1103
1050
1104
1051
1105
1052
1106
1053
1107
1054
1108
1055
1109
1056
1110
1057
1111
1058
1112
1059
1113
1060
1114
1061
1115
1062
1116
1063
1117
1064
1118
1065
1119
1066
1120
1067
1121
1068
1122
1069
1123
1070
1124
1071
1125
1072
1126
1073
1127
1074
1128
1075
1129
1076
1130
1077
1131
1078
1132
1079
1133
1080
1134
1081
1135
1082
1136
1083
1137
1084
1138
1085
1139
1086
1140
1087
1141
1088
1142
1089
1143
1090
1144
1091
1145
1092
1146
1093
1147
1094
1148
1095
1149
1096
1150
1097
1151
1098
1152
1099
1153
1154
1101
1155
1102
1156
1103
1157
1104
1158
1105
1159
1106
1160
1107
1161
1108
1162
1109
1163
1110
1164
1111
1165
1112
1166
1113
1167
1114
1168
1115
1169
1116
1170
1117
1171
1118
1172
1119
1173
1120
1174
1121
1175
1122
1176
1123
1177
1124
1178
1125
1179
1126
1180
1127
1181
1128
1182
1129
1183
1130
1184
1131
1185
1132
1186
1133
1187
1134
1188
1135
1189
1136
1190
1137
1191
1138
1192
1139
1193
1140
1194
1141
1195
1142
1196
1143
1197
1144
1198
1145
1199
1146
1200
1147
1201
1148
1202
1149
1203
1150
1204
1151
1205
1152
1206
1153
1207
1154
1208
1209
1156
1210
1157
1211
1158
1212
1159
1213
1160
1214
1161
1215
1162
1216
1163
1217
1164
1218
1165
1219
1166
1220
1167
1221
1168
1222
1169
1223
1170
1224
1171
1225
1172
1226
1173
1227
1174
1228
1175
1229
1176
1230
1177
1231
1178
1232
1179
1233
1180
1234
1181
1235
1182
1236
1183
1237
1184
1238
1185
1239
1186
1240
1187
1241
1188
1242
1189
1243
1190
1244
1191
1245
1192
1246
1193
1247
1194
1248
1195
1249
1196
1250
1197
1251
1198
1252
1199
1253
1200
1254
1201
1255
1202
1256
1203
1257
1204
1258
1205
1259
1206
1260
1207
1261
1208
1262
1209
1263
1264
1211
1265
1212
1266
1213
1267
1214
1268
1215
1269
1216
1270
1217
1271
1218
1272
1219
1273
1220
1274
1221
1275
1222
1276
1223
1277
1224
1278
1225
1279
1226
1280
1227
1281
1228
1282
1229
1283
1230
1284
1231
1285
1232
1286
1233
1287
1234
1288
1235
1289
1236
1290
1237
1291
1238
1292
1239
1293
1240
1294
1241
1295
1242
1296
1243
1297
1244
1298
1245
1299
1246
1300
1247
1301
1248
1302
1249
1303
1250
1304
1251
1305
1252
1306
1253
1307
1254
1308
1255
1309
1256
1310
1257
1311
1258
1312
1259
1313
1260
1314
1261
1315
1262
1316
1263
1317
1264
1318
1319
1266
3720
1267
3721
1268
3722
1269
3723
1270
3724
1271
3725
1272
3726
1273
3727
1274
3728
1275
3729
1276
3730
1277
3731
1278
3732
1279
3733
1280
3734
1281
3735
1282
3736
1283
3737
1284
3738
1285
3739
1286
3740
1287
3741
1288
3742
1289
3743
1290
3744
1291
3745
1292
3746
1293
3747
1294
3748
1295
3749
1296
3750
1297
3751
1298
3752
1299
3753
1300
3754
1301
3755
1302
3756
1303
3757
1304
3758
1305
3759
1306
3760
1307
3761
1308
3762
1309
3763
1310
3764
1311
3765
1312
3766
1313
3767
1314
3768
1315
3769
1316
3770
1317
3771
1318
3772
1319
3773
3774
1321
1400
1322
1401
1323
1402
1324
1403
1325
1404
1326
1405
1327
1406
1328
1407
1329
1408
1330
1409
1331
1410
1332
1411
1333
1412
1334
1413
1335
1414
1336
1415
1337
1416
1338
1417
1339
1418
1340
1419
1341
1420
1342
1421
1343
1422
1344
1423
1345
1424
1346
1425
1347
1426
1348
1427
1349
1428
1350
1429
1351
1430
1352
1431
1353
1432
1354
1433
1355
1434
1356
1435
1357
1436
1358
1437
1359
1438
1360
1439
1361
1440
1362
1441
1363
1442
1364
1443
1365
1444
1366
1445
1367
1446
1368
1447
1369
1448
1370
1449
1371
1450
1372
1451
1373
1452
1374
1453
1375
1454
1376
1455
1377
1456
1378
1457
1379
1458
1380
1459
1381
1460
1382
1461
1383
1462
1384
1463
1385
1464
1386
1465
1387
1466
1388
1467
1389
1468
1390
1469
1391
1470
1392
1471
1393
1472
1394
1473
1395
1474
1396
1475
1397
1476
1398
1477
1399
1478
1479
3720
1401
1480
1402
1481
1403
1482
1404
1483
1405
1484
1406
1485
1407
1486
1408
1487
1409
1488
1410
1489
1411
1490
1412
1491
1413
1492
1414
1493
1415
1494
1416
1495
1417
1496
1418
1497
1419
1498
1420
1499
1421
1500
1422
1501
1423
1502
1424
1503
1425
1504
1426
1505
1427
1506
1428
1507
1429
1508
1430
1509
1431
1510
1432
1511
1433
1512
1434
1513
1435
1514
1436
1515
1437
1516
1438
1517
1439
1518
1440
1519
1441
1520
1442
1521
1443
1522
1444
1523
1445
1524
1446
1525
1447
1526
1448
1527
1449
1528
1450
1529
1451
1530
1452
1531
1453
1532
1454
1533
1455
1534
1456
1535
1457
1536
1458
1537
1459
1538
1460
1539
1461
1540
1462
1541
1463
1542
1464
1543
1465
1544
1466
1545
1467
1546
1468
1547
1469
1548
1470
1549
1471
1550
1472
1551
1473
1552
1474
1553
1475
1554
1476
1555
1477
1556
1478
1557
1479
1558
1559
3775
1481
1560
1482
1561
1483
1562
1484
1563
1485
1564
1486
1565
1487
1566
1488
1567
1489
1568
1490
1569
1491
1570
1492
1571
1493
1572
1494
1573
1495
1574
1496
1575
1497
1576
1498
1577
1499
1578
1500
1579
1501
1580
1502
1581
1503
1582
1504
1583
1505
1584
1506
1585
1507
1586
1508
1587
1509
1588
1510
1589
1511
1590
1512
1591
1513
1592
1514
1593
1515
1594
1516
1595
1517
1596
1518
1597
1519
1598
1520
1599
1521
1600
1522
1601
1523
1602
1524
1603
1525
1604
1526
1605
1527
1606
1528
1607
1529
1608
1530
1609
1531
1610
1532
1611
1533
1612
1534
1613
1535
1614
1536
1615
1537
1616
1538
1617
1539
1618
1540
1619
1541
1620
1542
1621
1543
1622
1544
1623
1545
1624
1546
1625
1547
1626
1548
1627
1549
1628
1550
1629
1551
1630
1552
1631
1553
1632
1554
1633
1555
1634
1556
1635
1557
1636
1558
1637
1559
1638
1639
3830
1561
1640
1562
1641
1563
1642
1564
1643
1565
1644
1566
1645
1567
1646
1568
1647
1569
1648
1570
1649
1571
1650
1572
1651
1573
1652
1574
1653
1575
1654
1576
1655
1577
1656
1578
1657
1579
1658
1580
1659
1581
1660
1582
1661
1583
1662
1584
1663
1585
1664
1586
1665
1587
1666
1588
1667
1589
1668
1590
1669
1591
1670
1592
1671
1593
1672
1594
1673
1595
1674
1596
1675
1597
1676
1598
1677
1599
1678
1600
1679
1601
1680
1602
1681
1603
1682
1604
1683
1605
1684
1606
1685
1607
1686
1608
1687
1609
1688
1610
1689
1611
1690
1612
1691
1613
1692
1614
1693
1615
1694
1616
1695
1617
1696
1618
1697
1619
1698
1620
1699
1621
1700
1622
1701
1623
1702
1624
1703
1625
1704
1626
1705
1627
1706
1628
1707
1629
1708
1630
1709
1631
1710
1632
1711
1633
1712
1634
1713
1635
1714
1636
1715
1637
1716
1638
1717
1639
1718
1719
3885
1641
1720
1642
1721
1643
1722
1644
1723
1645
1724
1646
1725
1647
1726
1648
1727
1649
1728
1650
1729
1651
1730
1652
1731
1653
1732
1654
1733
1655
1734
1656
1735
1657
1736
1658
1737
1659
1738
1660
1739
1661
1740
1662
1741
1663
1742
1664
1743
1665
1744
1666
1745
1667
1746
1668
1747
1669
1748
1670
1749
1671
1750
1672
1751
1673
1752
1674
1753
1675
1754
1676
1755
1677
1756
1678
1757
1679
1758
1680
1759
1681
1760
1682
1761
1683
1762
1684
1763
1685
1764
1686
1765
1687
1766
1688
1767
1689
1768
1690
1769
1691
1770
1692
1771
1693
1772
1694
1773
1695
1774
1696
1775
1697
1776
1698
1777
1699
1778
1700
1779
1701
1780
1702
1781
1703
1782
1704
1783
1705
1784
1706
1785
1707
1786
1708
1787
1709
1788
1710
1789
1711
1790
1712
1791
1713
1792
1714
1793
1715
1794
1716
1795
1717
1796
1718
1797
1719
1798
1799
3940
1721
1800
1722
1801
1723
1802
1724
1803
1725
1804
1726
1805
1727
1806
1728
1807
1729
1808
1730
1809
1731
1810
1732
1811
1733
1812
1734
1813
1735
1814
1736
1815
1737
1816
1738
1817
1739
1818
1740
1819
1741
1820
1742
1821
1743
1822
1744
1823
1745
1824
1746
1825
1747
1826
1748
1827
1749
1828
1750
1829
1751
1830
1752
1831
1753
1832
1754
1833
1755
1834
1756
1835
1757
1836
1758
1837
1759
1838
1760
1839
1761
1840
1762
1841
1763
1842
1764
1843
1765
1844
1766
1845
1767
1846
1768
1847
1769
1848
1770
1849
1771
1850
1772
1851
1773
1852
1774
1853
1775
1854
1776
1855
1777
1856
1778
1857
1779
1858
1780
1859
1781
1860
1782
1861
1783
1862
1784
1863
1785
1864
1786
1865
1787
1866
1788
1867
1789
1868
1790
1869
1791
1870
1792
1871
1793
1872
1794
1873
1795
1874
1796
1875
1797
1876
1798
1877
1799
1878
1879
3995
1801
1880
1802
1881
1803
1882
1804
1883
1805
1884
1806
1885
1807
1886
1808
1887
1809
1888
1810
1889
1811
1890
1812
1891
1813
1892
1814
1893
1815
1894
1816
1895
1817
1896
1818
1897
1819
1898
1820
1899
1821
1900
1822
1901
1823
1902
1824
1903
1825
1904
1826
1905
1827
1906
1828
1907
1829
1908
1830
1909
1831
1910
1832
1911
1833
1912
1834
1913
1835
1914
1836
1915
1837
1916
1838
1917
1839
1918
1840
1919
1841
1920
1842
1921
1843
1922
1844
1923
1845
1924
1846
1925
1847
1926
1848
1927
1849
1928
1850
1929
1851
1930
1852
1931
1853
1932
1854
1933
1855
1934
1856
1935
1857
1936
1858
1937
1859
1938
1860
1939
1861
1940
1862
1941
1863
1942
1864
1943
1865
1944
1866
1945
1867
1946
1868
1947
1869
1948
1870
1949
1871
1950
1872
1951
1873
1952
1874
1953
1875
1954
1876
1955
1877
1956
1878
1957
1879
1958
1959
4050
1881
1960
1882
1961
1883
1962
1884
1963
1885
1964
1886
1965
1887
1966
1888
1967
1889
1968
1890
1969
1891
1970
1892
1971
1893
1972
1894
1973
1895
1974
1896
1975
1897
1976
1898
1977
1899
1978
1900
1979
1901
1980
1902
1981
1903
1982
1904
1983
1905
1984
1906
1985
1907
1986
1908
1987
1909
1988
1910
1989
1911
1990
1912
1991
1913
1992
1914
1993
1915
1994
1916
1995
1917
1996
1918
1997
1919
1998
1920
1999
1921
2000
1922
2001
1923
2002
1924
2003
1925
2004
1926
2005
1927
2006
1928
2007
1929
2008
1930
2009
1931
2010
1932
2011
1933
2012
1934
2013
1935
2014
1936
2015
1937
2016
1938
2017
1939
2018
1940
2019
1941
2020
1942
2021
1943
2022
1944
2023
1945
2024
1946
2025
1947
2026
1948
2027
1949
2028
1950
2029
1951
2030
1952
2031
1953
2032
1954
2033
1955
2034
1956
2035
1957
2036
1958
2037
1959
2038
2039
4105
1961
2040
1962
2041
1963
2042
1964
2043
1965
2044
1966
2045
1967
2046
1968
2047
1969
2048
1970
2049
1971
2050
1972
2051
1973
2052
1974
2053
1975
2054
1976
2055
1977
2056
1978
2057
1979
2058
1980
2059
1981
2060
1982
2061
1983
2062
1984
2063
1985
2064
1986
2065
1987
2066
1988
2067
1989
2068
1990
2069
1991
2070
1992
2071
1993
2072
1994
2073
1995
2074
1996
2075
1997
2076
1998
2077
1999
2078
2000
2079
2001
2080
2002
2081
2003
2082
2004
2083
2005
2084
2006
2085
2007
2086
2008
2087
2009
2088
2010
2089
2011
2090
2012
2091
2013
2092
2014
2093
2015
2094
2016
2095
2017
2096
2018
2097
2019
2098
2020
2099
2021
2100
2022
2101
2023
2102
2024
2103
2025
2104
2026
2105
2027
2106
2028
2107
2029
2108
2030
2109
2031
2110
2032
2111
2033
2112
2034
2113
2035
2114
2036
2115
2037
2116
2038
2117
2039
2118
2119
4160
2041
2120
2042
2121
2043
2122
2044
2123
2045
2124
2046
2125
2047
2126
2048
2127
2049
2128
2050
2129
2051
2130
2052
2131
2053
2132
2054
2133
2055
2134
2056
2135
2057
2136
2058
2137
2059
2138
2060
2139
2061
2140
2062
2141
2063
2142
2064
2143
2065
2144
2066
2145
2067
2146
2068
2147
2069
2148
2070
2149
2071
2150
2072
2151
2073
2152
2074
2153
2075
2154
2076
2155
2077
2156
2078
2157
2079
2158
2080
2159
2081
2160
2082
2161
2083
2162
2084
2163
2085
2164
2086
2165
2087
2166
2088
2167
2089
2168
2090
2169
2091
2170
2092
2171
2093
2172
2094
2173
2095
2174
2096
2175
2097
2176
2098
2177
2099
2178
2100
2179
2101
2180
2102
2181
2103
2182
2104
2183
2105
2184
2106
2185
2107
2186
2108
2187
2109
2188
2110
2189
2111
2190
2112
2191
2113
2192
2114
2193
2115
2194
2116
2195
2117
2196
2118
2197
2119
2198
2199
4215
2121
2200
2122
2201
2123
2202
2124
2203
2125
2204
2126
2205
2127
2206
2128
2207
2129
2208
2130
2209
2131
2210
2132
2211
2133
2212
2134
2213
2135
2214
2136
2215
2137
2216
2138
2217
2139
2218
2140
2219
2141
2220
2142
2221
2143
2222
2144
2223
2145
2224
2146
2225
2147
2226
2148
2227
2149
2228
2150
2229
2151
2230
2152
2231
2153
2232
2154
2233
2155
2234
2156
2235
2157
2236
2158
2237
2159
2238
2160
2239
2161
2240
2162
2241
2163
2242
2164
2243
2165
2244
2166
2245
2167
2246
2168
2247
2169
2248
2170
2249
2171
2250
2172
2251
2173
2252
2174
2253
2175
2254
2176
2255
2177
2256
2178
2257
2179
2258
2180
2259
2181
2260
2182
2261
2183
2262
2184
2263
2185
2264
2186
2265
2187
2266
2188
2267
2189
2268
2190
2269
2191
2270
2192
2271
2193
2272
2194
2273
2195
2274
2196
2275
2197
2276
2198
2277
2199
2278
2279
4270
2201
2280
2202
2281
2203
2282
2204
2283
2205
2284
2206
2285
2207
2286
2208
2287
2209
2288
2210
2289
2211
2290
2212
2291
2213
2292
2214
2293
2215
2294
2216
2295
2217
2296
2218
2297
2219
2298
2220
2299
2221
2300
2222
2301
2223
2302
2224
2303
2225
2304
2226
2305
2227
2306
2228
2307
2229
2308
2230
2309
2231
2310
2232
2311
2233
2312
2234
2313
2235
2314
2236
2315
2237
2316
2238
2317
2239
2318
2240
2319
2241
2320
2242
2321
2243
2322
2244
2323
2245
2324
2246
2325
2247
2326
2248
2327
2249
2328
2250
2329
2251
2330
2252
2331
2253
2332
2254
2333
2255
2334
2256
2335
2257
2336
2258
2337
2259
2338
2260
2339
2261
2340
2262
2341
2263
2342
2264
2343
2265
2344
2266
2345
2267
2346
2268
2347
2269
2348
2270
2349
2271
2350
2272
2351
2273
2352
2274
2353
2275
2354
2276
2355
2277
2356
2278
2357
2279
2358
2359
4325
2281
2360
2282
2361
2283
2362
2284
2363
2285
2364
2286
2365
2287
2366
2288
2367
2289
2368
2290
2369
2291
2370
2292
2371
2293
2372
2294
2373
2295
2374
2296
2375
2297
2376
2298
2377
2299
2378
2300
2379
2301
2380
2302
2381
2303
2382
2304
2383
2305
2384
2306
2385
2307
2386
2308
2387
2309
2388
2310
2389
2311
2390
2312
2391
2313
2392
2314
2393
2315
2394
2316
2395
2317
2396
2318
2397
2319
2398
2320
2399
2321
2400
2322
2401
2323
2402
2324
2403
2325
2404
2326
2405
2327
2406
2328
2407
2329
2408
2330
2409
2331
2410
2332
2411
2333
2412
2334
2413
2335
2414
2336
2415
2337
2416
2338
2417
2339
2418
2340
2419
2341
2420
2342
2421
2343
2422
2344
2423
2345
2424
2346
2425
2347
2426
2348
2427
2349
2428
2350
2429
2351
2430
2352
2431
2353
2432
2354
2433
2355
2434
2356
2435
2357
2436
2358
2437
2359
2438
2439
4380
2361
2440
2362
2441
2363
2442
2364
2443
2365
2444
2366
2445
2367
2446
2368
2447
2369
2448
2370
2449
2371
2450
2372
2451
2373
2452
2374
2453
2375
2454
2376
2455
2377
2456
2378
2457
2379
2458
2380
2459
2381
2460
2382
2461
2383
2462
2384
2463
2385
2464
2386
2465
2387
2466
2388
2467
2389
2468
2390
2469
2391
2470
2392
2471
2393
2472
2394
2473
2395
2474
2396
2475
2397
2476
2398
2477
2399
2478
2400
2479
2401
2480
2402
2481
2403
2482
2404
2483
2405
2484
2406
2485
2407
2486
2408
2487
2409
2488
2410
2489
2411
2490
2412
2491
2413
2492
2414
2493
2415
2494
2416
2495
2417
2496
2418
2497
2419
2498
2420
2499
2421
2500
2422
2501
2423
2502
2424
2503
2425
2504
2426
2505
2427
2506
2428
2507
2429
2508
2430
2509
2431
2510
2432
2511
2433
2512
2434
2513
2435
2514
2436
2515
2437
2516
2438
2517
2439
2518
2519
4435
2441
2520
2442
2521
2443
2522
2444
2523
2445
2524
2446
2525
2447
2526
2448
2527
2449
2528
2450
2529
2451
2530
2452
2531
2453
2532
2454
2533
2455
2534
2456
2535
2457
2536
2458
2537
2459
2538
2460
2539
2461
2540
2462
2541
2463
2542
2464
2543
2465
2544
2466
2545
2467
2546
2468
2547
2469
2548
2470
2549
2471
2550
2472
2551
2473
2552
2474
2553
2475
2554
2476
2555
2477
2556
2478
2557
2479
2558
2480
2559
2481
2560
2482
2561
2483
2562
2484
2563
2485
2564
2486
2565
2487
2566
2488
2567
2489
2568
2490
2569
2491
2570
2492
2571
2493
2572
2494
2573
2495
2574
2496
2575
2497
2576
2498
2577
2499
2578
2500
2579
2501
2580
2502
2581
2503
2582
2504
2583
2505
2584
2506
2585
2507
2586
2508
2587
2509
2588
2510
2589
2511
2590
2512
2591
2513
2592
2514
2593
2515
2594
2516
2595
2517
2596
2518
2597
2519
2598
2599
4490
2521
2600
2522
2601
2523
2602
2524
2603
2525
2604
2526
2605
2527
2606
2528
2607
2529
2608
2530
2609
2531
2610
2532
2611
2533
2612
2534
2613
2535
2614
2536
2615
2537
2616
2538
2617
2539
2618
2540
2619
2541
2620
2542
2621
2543
2622
2544
2623
2545
2624
2546
2625
2547
2626
2548
2627
2549
2628
2550
2629
2551
2630
2552
2631
2553
2632
2554
2633
2555
2634
2556
2635
2557
2636
2558
2637
2559
2638
2560
2639
2561
2640
2562
2641
2563
2642
2564
2643
2565
2644
2566
2645
2567
2646
2568
2647
2569
2648
2570
2649
2571
2650
2572
2651
2573
2652
2574
2653
2575
2654
2576
2655
2577
2656
2578
2657
2579
2658
2580
2659
2581
2660
2582
2661
2583
2662
2584
2663
2585
2664
2586
2665
2587
2666
2588
2667
2589
2668
2590
2669
2591
2670
2592
2671
2593
2672
2594
2673
2595
2674
2596
2675
2597
2676
2598
2677
2599
2678
2679
4545
2601
2680
2602
2681
2603
2682
2604
2683
2605
2684
2606
2685
2607
2686
2608
2687
2609
2688
2610
2689
2611
2690
2612
2691
2613
2692
2614
2693
2615
2694
2616
2695
2617
2696
2618
2697
2619
2698
2620
2699
2621
2700
2622
2701
2623
2702
2624
2703
2625
2704
2626
2705
2627
2706
2628
2707
2629
2708
2630
2709
2631
2710
2632
2711
2633
2712
2634
2713
2635
2714
2636
2715
2637
2716
2638
2717
2639
2718
2640
2719
2641
2720
2642
2721
2643
2722
2644
2723
2645
2724
2646
2725
2647
2726
2648
2727
2649
2728
2650
2729
2651
2730
2652
2731
2653
2732
2654
2733
2655
2734
2656
2735
2657
2736
2658
2737
2659
2738
2660
2739
2661
2740
2662
2741
2663
2742
2664
2743
2665
2744
2666
2745
2667
2746
2668
2747
2669
2748
2670
2749
2671
2750
2672
2751
2673
2752
2674
2753
2675
2754
2676
2755
2677
2756
2678
2757
2679
2758
2759
4600
2681
2760
2682
2761
2683
2762
2684
2763
2685
2764
2686
2765
2687
2766
2688
2767
2689
2768
2690
2769
2691
2770
2692
2771
2693
2772
2694
2773
2695
2774
2696
2775
2697
2776
2698
2777
2699
2778
2700
2779
2701
2780
2702
2781
2703
2782
2704
2783
2705
2784
2706
2785
2707
2786
2708
2787
2709
2788
2710
2789
2711
2790
2712
2791
2713
2792
2714
2793
2715
2794
2716
2795
2717
2796
2718
2797
2719
2798
2720
2799
2721
2800
2722
2801
2723
2802
2724
2803
2725
2804
2726
2805
2727
2806
2728
2807
2729
2808
2730
2809
2731
2810
2732
2811
2733
2812
2734
2813
2735
2814
2736
2815
2737
2816
2738
2817
2739
2818
2740
2819
2741
2820
2742
2821
2743
2822
2744
2823
2745
2824
2746
2825
2747
2826
2748
2827
2749
2828
2750
2829
2751
2830
2752
2831
2753
2832
2754
2833
2755
2834
2756
2835
2757
2836
2758
2837
2759
2838
2839
4655
2761
2840
2762
2841
2763
2842
2764
2843
2765
2844
2766
2845
2767
2846
2768
2847
2769
2848
2770
2849
2771
2850
2772
2851
2773
2852
2774
2853
2775
2854
2776
2855
2777
2856
2778
2857
2779
2858
2780
2859
2781
2860
2782
2861
2783
2862
2784
2863
2785
2864
2786
2865
2787
2866
2788
2867
2789
2868
2790
2869
2791
2870
2792
2871
2793
2872
2794
2873
2795
2874
2796
2875
2797
2876
2798
2877
2799
2878
2800
2879
2801
2880
2802
2881
2803
2882
2804
2883
2805
2884
2806
2885
2807
2886
2808
2887
2809
2888
2810
2889
2811
2890
2812
2891
2813
2892
2814
2893
2815
2894
2816
2895
2817
2896
2818
2897
2819
2898
2820
2899
2821
2900
2822
2901
2823
2902
2824
2903
2825
2904
2826
2905
2827
2906
2828
2907
2829
2908
2830
2909
2831
2910
2832
2911
2833
2912
2834
2913
2835
2914
2836
2915
2837
2916
2838
2917
2839
2918
2919
4710
2841
2920
2842
2921
2843
2922
2844
2923
2845
2924
2846
2925
2847
2926
2848
2927
2849
2928
2850
2929
2851
2930
2852
2931
2853
2932
2854
2933
2855
2934
2856
2935
2857
2936
2858
2937
2859
2938
2860
2939
2861
2940
2862
2941
2863
2942
2864
2943
2865
2944
2866
2945
2867
2946
2868
2947
2869
2948
2870
2949
2871
2950
2872
2951
2873
2952
2874
2953
2875
2954
2876
2955
2877
2956
2878
2957
2879
2958
2880
2959
2881
2960
2882
2961
2883
2962
2884
2963
2885
2964
2886
2965
2887
2966
2888
2967
2889
2968
2890
2969
2891
2970
2892
2971
2893
2972
2894
2973
2895
2974
2896
2975
2897
2976
2898
2977
2899
2978
2900
2979
2901
2980
2902
2981
2903
2982
2904
2983
2905
2984
2906
2985
2907
2986
2908
2987
2909
2988
2910
2989
2911
2990
2912
2991
2913
2992
2914
2993
2915
2994
2916
2995
2917
2996
2918
2997
2919
2998
2999
4765
2921
3000
2922
3001
2923
3002
2924
3003
2925
3004
2926
3005
2927
3006
2928
3007
2929
3008
2930
3009
2931
3010
2932
3011
2933
3012
2934
3013
2935
3014
2936
3015
2937
3016
2938
3017
2939
3018
2940
3019
2941
3020
2942
3021
2943
3022
2944
3023
2945
3024
2946
3025
2947
3026
2948
3027
2949
3028
2950
3029
2951
3030
2952
3031
2953
3032
2954
3033
2955
3034
2956
3035
2957
3036
2958
3037
2959
3038
2960
3039
2961
3040
2962
3041
2963
3042
2964
3043
2965
3044
2966
3045
2967
3046
2968
3047
2969
3048
2970
3049
2971
3050
2972
3051
2973
3052
2974
3053
2975
3054
2976
3055
2977
3056
2978
3057
2979
3058
2980
3059
2981
3060
2982
3061
2983
3062
2984
3063
2985
3064
2986
3065
2987
3066
2988
3067
2989
3068
2990
3069
2991
3070
2992
3071
2993
3072
2994
3073
2995
3074
2996
3075
2997
3076
2998
3077
2999
3078
3079
4820
3001
3080
3002
3081
3003
3082
3004
3083
3005
3084
3006
3085
3007
3086
3008
3087
3009
3088
3010
3089
3011
3090
3012
3091
3013
3092
3014
3093
3015
3094
3016
3095
3017
3096
3018
3097
3019
3098
3020
3099
3021
3100
3022
3101
3023
3102
3024
3103
3025
3104
3026
3105
3027
3106
3028
3107
3029
3108
3030
3109
3031
3110
3032
3111
3033
3112
3034
3113
3035
3114
3036
3115
3037
3116
3038
3117
3039
3118
3040
3119
3041
3120
3042
3121
3043
3122
3044
3123
3045
3124
3046
3125
3047
3126
3048
3127
3049
3128
3050
3129
3051
3130
3052
3131
3053
3132
3054
3133
3055
3134
3056
3135
3057
3136
3058
3137
3059
3138
3060
3139
3061
3140
3062
3141
3063
3142
3064
3143
3065
3144
3066
3145
3067
3146
3068
3147
3069
3148
3070
3149
3071
3150
3072
3151
3073
3152
3074
3153
3075
3154
3076
3155
3077
3156
3078
3157
3079
3158
3159
4875
3081
3160
3082
3161
3083
3162
3084
3163
3085
3164
3086
3165
3087
3166
3088
3167
3089
3168
3090
3169
3091
3170
3092
3171
3093
3172
3094
3173
3095
3174
3096
3175
3097
3176
3098
3177
3099
3178
3100
3179
3101
3180
3102
3181
3103
3182
3104
3183
3105
3184
3106
3185
3107
3186
3108
3187
3109
3188
3110
3189
3111
3190
3112
3191
3113
3192
3114
3193
3115
3194
3116
3195
3117
3196
3118
3197
3119
3198
3120
3199
3121
3200
3122
3201
3123
3202
3124
3203
3125
3204
3126
3205
3127
3206
3128
3207
3129
3208
3130
3209
3131
3210
3132
3211
3133
3212
3134
3213
3135
3214
3136
3215
3137
3216
3138
3217
3139
3218
3140
3219
3141
3220
3142
3221
3143
3222
3144
3223
3145
3224
3146
3225
3147
3226
3148
3227
3149
3228
3150
3229
3151
3230
3152
3231
3153
3232
3154
3233
3155
3234
3156
3235
3157
3236
3158
3237
3159
3238
3239
4930
3161
3240
3162
3241
3163
3242
3164
3243
3165
3244
3166
3245
3167
3246
3168
3247
3169
3248
3170
3249
3171
3250
3172
3251
3173
3252
3174
3253
3175
3254
3176
3255
3177
3256
3178
3257
3179
3258
3180
3259
3181
3260
3182
3261
3183
3262
3184
3263
3185
3264
3186
3265
3187
3266
3188
3267
3189
3268
3190
3269
3191
3270
3192
3271
3193
3272
3194
3273
3195
3274
3196
3275
3197
3276
3198
3277
3199
3278
3200
3279
3201
3280
3202
3281
3203
3282
3204
3283
3205
3284
3206
3285
3207
3286
3208
3287
3209
3288
3210
3289
3211
3290
3212
3291
3213
3292
3214
3293
3215
3294
3216
3295
3217
3296
3218
3297
3219
3298
3220
3299
3221
3300
3222
3301
3223
3302
3224
3303
3225
3304
3226
3305
3227
3306
3228
3307
3229
3308
3230
3309
3231
3310
3232
3311
3233
3312
3234
3313
3235
3314
3236
3315
3237
3316
3238
3317
3239
3318
3319
4985
3241
3320
3242
3321
3243
3322
3244
3323
3245
3324
3246
3325
3247
3326
3248
3327
3249
3328
3250
3329
3251
3330
3252
3331
3253
3332
3254
3333
3255
3334
3256
3335
3257
3336
3258
3337
3259
3338
3260
3339
3261
3340
3262
3341
3263
3342
3264
3343
3265
3344
3266
3345
3267
3346
3268
3347
3269
3348
3270
3349
3271
3350
3272
3351
3273
3352
3274
3353
3275
3354
3276
3355
3277
3356
3278
3357
3279
3358
3280
3359
3281
3360
3282
3361
3283
3362
3284
3363
3285
3364
3286
3365
3287
3366
3288
3367
3289
3368
3290
3369
3291
3370
3292
3371
3293
3372
3294
3373
3295
3374
3296
3375
3297
3376
3298
3377
3299
3378
3300
3379
3301
3380
3302
3381
3303
3382
3304
3383
3305
3384
3306
3385
3307
3386
3308
3387
3309
3388
3310
3389
3311
3390
3312
3391
3313
3392
3314
3393
3315
3394
3316
3395
3317
3396
3318
3397
3319
3398
3399
5040
3321
3400
3322
3401
3323
3402
3324
3403
3325
3404
3326
3405
3327
3406
3328
3407
3329
3408
3330
3409
3331
3410
3332
3411
3333
3412
3334
3413
3335
3414
3336
3415
3337
3416
3338
3417
3339
3418
3340
3419
3341
3420
3342
3421
3343
3422
3344
3423
3345
3424
3346
3425
3347
3426
3348
3427
3349
3428
3350
3429
3351
3430
3352
3431
3353
3432
3354
3433
3355
3434
3356
3435
3357
3436
3358
3437
3359
3438
3360
3439
3361
3440
3362
3441
3363
3442
3364
3443
3365
3444
3366
3445
3367
3446
3368
3447
3369
3448
3370
3449
3371
3450
3372
3451
3373
3452
3374
3453
3375
3454
3376
3455
3377
3456
3378
3457
3379
3458
3380
3459
3381
3460
3382
3461
3383
3462
3384
3463
3385
3464
3386
3465
3387
3466
3388
3467
3389
3468
3390
3469
3391
3470
3392
3471
3393
3472
3394
3473
3395
3474
3396
3475
3397
3476
3398
3477
3399
3478
3479
5095
3401
3480
3402
3481
3403
3482
3404
3483
3405
3484
3406
3485
3407
3486
3408
3487
3409
3488
3410
3489
3411
3490
3412
3491
3413
3492
3414
3493
3415
3494
3416
3495
3417
3496
3418
3497
3419
3498
3420
3499
3421
3500
3422
3501
3423
3502
3424
3503
3425
3504
3426
3505
3427
3506
3428
3507
3429
3508
3430
3509
3431
3510
3432
3511
3433
3512
3434
3513
3435
3514
3436
3515
3437
3516
3438
3517
3439
3518
3440
3519
3441
3520
3442
3521
3443
3522
3444
3523
3445
3524
3446
3525
3447
3526
3448
3527
3449
3528
3450
3529
3451
3530
3452
3531
3453
3532
3454
3533
3455
3534
3456
3535
3457
3536
3458
3537
3459
3538
3460
3539
3461
3540
3462
3541
3463
3542
3464
3543
3465
3544
3466
3545
3467
3546
3468
3547
3469
3548
3470
3549
3471
3550
3472
3551
3473
3552
3474
3553
3475
3554
3476
3555
3477
3556
3478
3557
3479
3558
3559
5150
3481
3560
3482
3561
3483
3562
3484
3563
3485
3564
3486
3565
3487
3566
3488
3567
3489
3568
3490
3569
3491
3570
3492
3571
3493
3572
3494
3573
3495
3574
3496
3575
3497
3576
3498
3577
3499
3578
3500
3579
3501
3580
3502
3581
3503
3582
3504
3583
3505
3584
3506
3585
3507
3586
3508
3587
3509
3588
3510
3589
3511
3590
3512
3591
3513
3592
3514
3593
3515
3594
3516
3595
3517
3596
3518
3597
3519
3598
3520
3599
3521
3600
3522
3601
3523
3602
3524
3603
3525
3604
3526
3605
3527
3606
3528
3607
3529
3608
3530
3609
3531
3610
3532
3611
3533
3612
3534
3613
3535
3614
3536
3615
3537
3616
3538
3617
3539
3618
3540
3619
3541
3620
3542
3621
3543
3622
3544
3623
3545
3624
3546
3625
3547
3626
3548
3627
3549
3628
3550
3629
3551
3630
3552
3631
3553
3632
3554
3633
3555
3634
3556
3635
3557
3636
3558
3637
3559
3638
3639
5205
3561
3640
3562
3641
3563
3642
3564
3643
3565
3644
3566
3645
3567
3646
3568
3647
3569
3648
3570
3649
3571
3650
3572
3651
3573
3652
3574
3653
3575
3654
3576
3655
3577
3656
3578
3657
3579
3658
3580
3659
3581
3660
3582
3661
3583
3662
3584
3663
3585
3664
3586
3665
3587
3666
3588
3667
3589
3668
3590
3669
3591
3670
3592
3671
3593
3672
3594
3673
3595
3674
3596
3675
3597
3676
3598
3677
3599
3678
3600
3679
3601
3680
3602
3681
3603
3682
3604
3683
3605
3684
3606
3685
3607
3686
3608
3687
3609
3688
3610
3689
3611
3690
3612
3691
3613
3692
3614
3693
3615
3694
3616
3695
3617
3696
3618
3697
3619
3698
3620
3699
3621
3700
3622
3701
3623
3702
3624
3703
3625
3704
3626
3705
3627
3706
3628
3707
3629
3708
3630
3709
3631
3710
3632
3711
3633
3712
3634
3713
3635
3714
3636
3715
3637
3716
3638
3717
3639
3718
3719
5260
3641
3642
3643
3644
3645
3646
3647
3648
3649
3650
3651
3652
3653
3654
3655
3656
3657
3658
3659
3660
3661
3662
3663
3664
3665
3666
3667
3668
3669
3670
3671
3672
3673
3674
3675
3676
3677
3678
3679
3680
3681
3682
3683
3684
3685
3686
3687
3688
3689
3690
3691
3692
3693
3694
3695
3696
3697
3698
3699
3700
3701
3702
3703
3704
3705
3706
3707
3708
3709
3710
3711
3712
3713
3714
3715
3716
3717
3718
3719
5315
3721
3775
3722
3776
3723
3777
3724
3778
3725
3779
3726
3780
3727
3781
3728
3782
3729
3783
3730
3784
3731
3785
3732
3786
3733
3787
3734
3788
3735
3789
3736
3790
3737
3791
3738
3792
3739
3793
3740
3794
3741
3795
3742
3796
3743
3797
3744
3798
3745
3799
3746
3800
3747
3801
3748
3802
3749
3803
3750
3804
3751
3805
3752
3806
3753
3807
3754
3808
3755
3809
3756
3810
3757
3811
3758
3812
3759
3813
3760
3814
3761
3815
3762
3816
3763
3817
3764
3818
3765
3819
3766
3820
3767
3821
3768
3822
3769
3823
3770
3824
3771
3825
3772
3826
3773
3827
3774
3828
3829
5370
3776
3830
3777
3831
3778
3832
3779
3833
3780
3834
3781
3835
3782
3836
3783
3837
3784
3838
3785
3839
3786
3840
3787
3841
3788
3842
3789
3843
3790
3844
3791
3845
3792
3846
3793
3847
3794
3848
3795
3849
3796
3850
3797
3851
3798
3852
3799
3853
3800
3854
3801
3855
3802
3856
3803
3857
3804
3858
3805
3859
3806
3860
3807
3861
3808
3862
3809
3863
3810
3864
3811
3865
3812
3866
3813
3867
3814
3868
3815
3869
3816
3870
3817
3871
3818
3872
3819
3873
3820
3874
3821
3875
3822
3876
3823
3877
3824
3878
3825
3879
3826
3880
3827
3881
3828
3882
3829
3883
3884
5387
3831
3885
3832
3886
3833
3887
3834
3888
3835
3889
3836
3890
3837
3891
3838
3892
3839
3893
3840
3894
3841
3895
3842
3896
3843
3897
3844
3898
3845
3899
3846
3900
3847
3901
3848
3902
3849
3903
3850
3904
3851
3905
3852
3906
3853
3907
3854
3908
3855
3909
3856
3910
3857
3911
3858
3912
3859
3913
3860
3914
3861
3915
3862
3916
3863
3917
3864
3918
3865
3919
3866
3920
3867
3921
3868
3922
3869
3923
3870
3924
3871
3925
3872
3926
3873
3927
3874
3928
3875
3929
3876
3930
3877
3931
3878
3932
3879
3933
3880
3934
3881
3935
3882
3936
3883
3937
3884
3938
3939
5404
3886
3940
3887
3941
3888
3942
3889
3943
3890
3944
3891
3945
3892
3946
3893
3947
3894
3948
3895
3949
3896
3950
3897
3951
3898
3952
3899
3953
3900
3954
3901
3955
3902
3956
3903
3957
3904
3958
3905
3959
3906
3960
3907
3961
3908
3962
3909
3963
3910
3964
3911
3965
3912
3966
3913
3967
3914
3968
3915
3969
3916
3970
3917
3971
3918
3972
3919
3973
3920
3974
3921
3975
3922
3976
3923
3977
3924
3978
3925
3979
3926
3980
3927
3981
3928
3982
3929
3983
3930
3984
3931
3985
3932
3986
3933
3987
3934
3988
3935
3989
3936
3990
3937
3991
3938
3992
3939
3993
3994
5421
3941
3995
3942
3996
3943
3997
3944
3998
3945
3999
3946
4000
3947
4001
3948
4002
3949
4003
3950
4004
3951
4005
3952
4006
3953
4007
3954
4008
3955
4009
3956
4010
3957
4011
3958
4012
3959
4013
3960
4014
3961
4015
3962
4016
3963
4017
3964
4018
3965
4019
3966
4020
3967
4021
3968
4022
3969
4023
3970
4024
3971
4025
3972
4026
3973
4027
3974
4028
3975
4029
3976
4030
3977
4031
3978
4032
3979
4033
3980
4034
3981
4035
3982
4036
3983
4037
3984
4038
3985
4039
3986
4040
3987
4041
3988
4042
3989
4043
3990
4044
3991
4045
3992
4046
3993
4047
3994
4048
4049
5438
3996
4050
3997
4051
3998
4052
3999
4053
4000
4054
4001
4055
4002
4056
4003
4057
4004
4058
4005
4059
4006
4060
4007
4061
4008
4062
4009
4063
4010
4064
4011
4065
4012
4066
4013
4067
4014
4068
4015
4069
4016
4070
4017
4071
4018
4072
4019
4073
4020
4074
4021
4075
4022
4076
4023
4077
4024
4078
4025
4079
4026
4080
4027
4081
4028
4082
4029
4083
4030
4084
4031
4085
4032
4086
4033
4087
4034
4088
4035
4089
4036
4090
4037
4091
4038
4092
4039
4093
4040
4094
4041
4095
4042
4096
4043
4097
4044
4098
4045
4099
4046
4100
4047
4101
4048
4102
4049
4103
4104
5455
4051
4105
4052
4106
4053
4107
4054
4108
4055
4109
4056
4110
4057
4111
4058
4112
4059
4113
4060
4114
4061
4115
4062
4116
4063
4117
4064
4118
4065
4119
4066
4120
4067
4121
4068
4122
4069
4123
4070
4124
4071
4125
4072
4126
4073
4127
4074
4128
4075
4129
4076
4130
4077
4131
4078
4132
4079
4133
4080
4134
4081
4135
4082
4136
4083
4137
4084
4138
4085
4139
4086
4140
4087
4141
4088
4142
4089
4143
4090
4144
4091
4145
4092
4146
4093
4147
4094
4148
4095
4149
4096
4150
4097
4151
4098
4152
4099
4153
4100
4154
4101
4155
4102
4156
4103
4157
4104
4158
4159
5472
4106
4160
4107
4161
4108
4162
4109
4163
4110
4164
4111
4165
4112
4166
4113
4167
4114
4168
4115
4169
4116
4170
4117
4171
4118
4172
4119
4173
4120
4174
4121
4175
4122
4176
4123
4177
4124
4178
4125
4179
4126
4180
4127
4181
4128
4182
4129
4183
4130
4184
4131
4185
4132
4186
4133
4187
4134
4188
4135
4189
4136
4190
4137
4191
4138
4192
4139
4193
4140
4194
4141
4195
4142
4196
4143
4197
4144
4198
4145
4199
4146
4200
4147
4201
4148
4202
4149
4203
4150
4204
4151
4205
4152
4206
4153
4207
4154
4208
4155
4209
4156
4210
4157
4211
4158
4212
4159
4213
4214
5489
4161
4215
4162
4216
4163
4217
4164
4218
4165
4219
4166
4220
4167
4221
4168
4222
4169
4223
4170
4224
4171
4225
4172
4226
4173
4227
4174
4228
4175
4229
4176
4230
4177
4231
4178
4232
4179
4233
4180
4234
4181
4235
4182
4236
4183
4237
4184
4238
4185
4239
4186
4240
4187
4241
4188
4242
4189
4243
4190
4244
4191
4245
4192
4246
4193
4247
4194
4248
4195
4249
4196
4250
4197
4251
4198
4252
4199
4253
4200
4254
4201
4255
4202
4256
4203
4257
4204
4258
4205
4259
4206
4260
4207
4261
4208
4262
4209
4263
4210
4264
4211
4265
4212
4266
4213
4267
4214
4268
4269
5506
4216
4270
4217
4271
4218
4272
4219
4273
4220
4274
4221
4275
4222
4276
4223
4277
4224
4278
4225
4279
4226
4280
4227
4281
4228
4282
4229
4283
4230
4284
4231
4285
4232
4286
4233
4287
4234
4288
4235
4289
4236
4290
4237
4291
4238
4292
4239
4293
4240
4294
4241
4295
4242
4296
4243
4297
4244
4298
4245
4299
4246
4300
4247
4301
4248
4302
4249
4303
4250
4304
4251
4305
4252
4306
4253
4307
4254
4308
4255
4309
4256
4310
4257
4311
4258
4312
4259
4313
4260
4314
4261
4315
4262
4316
4263
4317
4264
4318
4265
4319
4266
4320
4267
4321
4268
4322
4269
4323
4324
5523
4271
4325
4272
4326
4273
4327
4274
4328
4275
4329
4276
4330
4277
4331
4278
4332
4279
4333
4280
4334
4281
4335
4282
4336
4283
4337
4284
4338
4285
4339
4286
4340
4287
4341
4288
4342
4289
4343
4290
4344
4291
4345
4292
4346
4293
4347
4294
4348
4295
4349
4296
4350
4297
4351
4298
4352
4299
4353
4300
4354
4301
4355
4302
4356
4303
4357
4304
4358
4305
4359
4306
4360
4307
4361
4308
4362
4309
4363
4310
4364
4311
4365
4312
4366
4313
4367
4314
4368
4315
4369
4316
4370
4317
4371
4318
4372
4319
4373
4320
4374
4321
4375
4322
4376
4323
4377
4324
4378
4379
5540
4326
4380
4327
4381
4328
4382
4329
4383
4330
4384
4331
4385
4332
4386
4333
4387
4334
4388
4335
4389
4336
4390
4337
4391
4338
4392
4339
4393
4340
4394
4341
4395
4342
4396
4343
4397
4344
4398
4345
4399
4346
4400
4347
4401
4348
4402
4349
4403
4350
4404
4351
4405
4352
4406
4353
4407
4354
4408
4355
4409
4356
4410
4357
4411
4358
4412
4359
4413
4360
4414
4361
4415
4362
4416
4363
4417
4364
4418
4365
4419
4366
4420
4367
4421
4368
4422
4369
4423
4370
4424
4371
4425
4372
4426
4373
4427
4374
4428
4375
4429
4376
4430
4377
4431
4378
4432
4379
4433
4434
5557
4381
4435
4382
4436
4383
4437
4384
4438
4385
4439
4386
4440
4387
4441
4388
4442
4389
4443
4390
4444
4391
4445
4392
4446
4393
4447
4394
4448
4395
4449
4396
4450
4397
4451
4398
4452
4399
4453
4400
4454
4401
4455
4402
4456
4403
4457
4404
4458
4405
4459
4406
4460
4407
4461
4408
4462
4409
4463
4410
4464
4411
4465
4412
4466
4413
4467
4414
4468
4415
4469
4416
4470
4417
4471
4418
4472
4419
4473
4420
4474
4421
4475
4422
4476
4423
4477
4424
4478
4425
4479
4426
4480
4427
4481
4428
4482
4429
4483
4430
4484
4431
4485
4432
4486
4433
4487
4434
4488
4489
5574
4436
4490
4437
4491
4438
4492
4439
4493
4440
4494
4441
4495
4442
4496
4443
4497
4444
4498
4445
4499
4446
4500
4447
4501
4448
4502
4449
4503
4450
4504
4451
4505
4452
4506
4453
4507
4454
4508
4455
4509
4456
4510
4457
4511
4458
4512
4459
4513
4460
4514
4461
4515
4462
4516
4463
4517
4464
4518
4465
4519
4466
4520
4467
4521
4468
4522
4469
4523
4470
4524
4471
4525
4472
4526
4473
4527
4474
4528
4475
4529
4476
4530
4477
4531
4478
4532
4479
4533
4480
4534
4481
4535
4482
4536
4483
4537
4484
4538
4485
4539
4486
4540
4487
4541
4488
4542
4489
4543
4544
5591
4491
4545
4492
4546
4493
4547
4494
4548
4495
4549
4496
4550
4497
4551
4498
4552
4499
4553
4500
4554
4501
4555
4502
4556
4503
4557
4504
4558
4505
4559
4506
4560
4507
4561
4508
4562
4509
4563
4510
4564
4511
4565
4512
4566
4513
4567
4514
4568
4515
4569
4516
4570
4517
4571
4518
4572
4519
4573
4520
4574
4521
4575
4522
4576
4523
4577
4524
4578
4525
4579
4526
4580
4527
4581
4528
4582
4529
4583
4530
4584
4531
4585
4532
4586
4533
4587
4534
4588
4535
4589
4536
4590
4537
4591
4538
4592
4539
4593
4540
4594
4541
4595
4542
4596
4543
4597
4544
4598
4599
5608
4546
4600
4547
4601
4548
4602
4549
4603
4550
4604
4551
4605
4552
4606
4553
4607
4554
4608
4555
4609
4556
4610
4557
4611
4558
4612
4559
4613
4560
4614
4561
4615
4562
4616
4563
4617
4564
4618
4565
4619
4566
4620
4567
4621
4568
4622
4569
4623
4570
4624
4571
4625
4572
4626
4573
4627
4574
4628
4575
4629
4576
4630
4577
4631
4578
4632
4579
4633
4580
4634
4581
4635
4582
4636
4583
4637
4584
4638
4585
4639
4586
4640
4587
4641
4588
4642
4589
4643
4590
4644
4591
4645
4592
4646
4593
4647
4594
4648
4595
4649
4596
4650
4597
4651
4598
4652
4599
4653
4654
5625
4601
4655
4602
4656
4603
4657
4604
4658
4605
4659
4606
4660
4607
4661
4608
4662
4609
4663
4610
4664
4611
4665
4612
4666
4613
4667
4614
4668
4615
4669
4616
4670
4617
4671
4618
4672
4619
4673
4620
4674
4621
4675
4622
4676
4623
4677
4624
4678
4625
4679
4626
4680
4627
4681
4628
4682
4629
4683
4630
4684
4631
4685
4632
4686
4633
4687
4634
4688
4635
4689
4636
4690
4637
4691
4638
4692
4639
4693
4640
4694
4641
4695
4642
4696
4643
4697
4644
4698
4645
4699
4646
4700
4647
4701
4648
4702
4649
4703
4650
4704
4651
4705
4652
4706
4653
4707
4654
4708
4709
5642
4656
4710
4657
4711
4658
4712
4659
4713
4660
4714
4661
4715
4662
4716
4663
4717
4664
4718
4665
4719
4666
4720
4667
4721
4668
4722
4669
4723
4670
4724
4671
4725
4672
4726
4673
4727
4674
4728
4675
4729
4676
4730
4677
4731
4678
4732
4679
4733
4680
4734
4681
4735
4682
4736
4683
4737
4684
4738
4685
4739
4686
4740
4687
4741
4688
4742
4689
4743
4690
4744
4691
4745
4692
4746
4693
4747
4694
4748
4695
4749
4696
4750
4697
4751
4698
4752
4699
4753
4700
4754
4701
4755
4702
4756
4703
4757
4704
4758
4705
4759
4706
4760
4707
4761
4708
4762
4709
4763
4764
5659
4711
4765
4712
4766
4713
4767
4714
4768
4715
4769
4716
4770
4717
4771
4718
4772
4719
4773
4720
4774
4721
4775
4722
4776
4723
4777
4724
4778
4725
4779
4726
4780
4727
4781
4728
4782
4729
4783
4730
4784
4731
4785
4732
4786
4733
4787
4734
4788
4735
4789
4736
4790
4737
4791
4738
4792
4739
4793
4740
4794
4741
4795
4742
4796
4743
4797
4744
4798
4745
4799
4746
4800
4747
4801
4748
4802
4749
4803
4750
4804
4751
4805
4752
4806
4753
4807
4754
4808
4755
4809
4756
4810
4757
4811
4758
4812
4759
4813
4760
4814
4761
4815
4762
4816
4763
4817
4764
4818
4819
5676
4766
4820
4767
4821
4768
4822
4769
4823
4770
4824
4771
4825
4772
4826
4773
4827
4774
4828
4775
4829
4776
4830
4777
4831
4778
4832
4779
4833
4780
4834
4781
4835
4782
4836
4783
4837
4784
4838
4785
4839
4786
4840
4787
4841
4788
4842
4789
4843
4790
4844
4791
4845
4792
4846
4793
4847
4794
4848
4795
4849
4796
4850
4797
4851
4798
4852
4799
4853
4800
4854
4801
4855
4802
4856
4803
4857
4804
4858
4805
4859
4806
4860
4807
4861
4808
4862
4809
4863
4810
4864
4811
4865
4812
4866
4813
4867
4814
4868
4815
4869
4816
4870
4817
4871
4818
4872
4819
4873
4874
5693
4821
4875
4822
4876
4823
4877
4824
4878
4825
4879
4826
4880
4827
4881
4828
4882
4829
4883
4830
4884
4831
4885
4832
4886
4833
4887
4834
4888
4835
4889
4836
4890
4837
4891
4838
4892
4839
4893
4840
4894
4841
4895
4842
4896
4843
4897
4844
4898
4845
4899
4846
4900
4847
4901
4848
4902
4849
4903
4850
4904
4851
4905
4852
4906
4853
4907
4854
4908
4855
4909
4856
4910
4857
4911
4858
4912
4859
4913
4860
4914
4861
4915
4862
4916
4863
4917
4864
4918
4865
4919
4866
4920
4867
4921
4868
4922
4869
4923
4870
4924
4871
4925
4872
4926
4873
4927
4874
4928
4929
5710
4876
4930
4877
4931
4878
4932
4879
4933
4880
4934
4881
4935
4882
4936
4883
4937
4884
4938
4885
4939
4886
4940
4887
4941
4888
4942
4889
4943
4890
4944
4891
4945
4892
4946
4893
4947
4894
4948
4895
4949
4896
4950
4897
4951
4898
4952
4899
4953
4900
4954
4901
4955
4902
4956
4903
4957
4904
4958
4905
4959
4906
4960
4907
4961
4908
4962
4909
4963
4910
4964
4911
4965
4912
4966
4913
4967
4914
4968
4915
4969
4916
4970
4917
4971
4918
4972
4919
4973
4920
4974
4921
4975
4922
4976
4923
4977
4924
4978
4925
4979
4926
4980
4927
4981
4928
4982
4929
4983
4984
5727
4931
4985
4932
4986
4933
4987
4934
4988
4935
4989
4936
4990
4937
4991
4938
4992
4939
4993
4940
4994
4941
4995
4942
4996
4943
4997
4944
4998
4945
4999
4946
5000
4947
5001
4948
5002
4949
5003
4950
5004
4951
5005
4952
5006
4953
5007
4954
5008
4955
5009
4956
5010
4957
5011
4958
5012
4959
5013
4960
5014
4961
5015
4962
5016
4963
5017
4964
5018
4965
5019
4966
5020
4967
5021
4968
5022
4969
5023
4970
5024
4971
5025
4972
5026
4973
5027
4974
5028
4975
5029
4976
5030
4977
5031
4978
5032
4979
5033
4980
5034
4981
5035
4982
5036
4983
5037
4984
5038
5039
5744
4986
5040
4987
5041
4988
5042
4989
5043
4990
5044
4991
5045
4992
5046
4993
5047
4994
5048
4995
5049
4996
5050
4997
5051
4998
5052
4999
5053
5000
5054
5001
5055
5002
5056
5003
5057
5004
5058
5005
5059
5006
5060
5007
5061
5008
5062
5009
5063
5010
5064
5011
5065
5012
5066
5013
5067
5014
5068
5015
5069
5016
5070
5017
5071
5018
5072
5019
5073
5020
5074
5021
5075
5022
5076
5023
5077
5024
5078
5025
5079
5026
5080
5027
5081
5028
5082
5029
5083
5030
5084
5031
5085
5032
5086
5033
5087
5034
5088
5035
5089
5036
5090
5037
5091
5038
5092
5039
5093
5094
5761
5041
5095
5042
5096
5043
5097
5044
5098
5045
5099
5046
5100
5047
5101
5048
5102
5049
5103
5050
5104
5051
5105
5052
5106
5053
5107
5054
5108
5055
5109
5056
5110
5057
5111
5058
5112
5059
5113
5060
5114
5061
5115
5062
5116
5063
5117
5064
5118
5065
5119
5066
5120
5067
5121
5068
5122
5069
5123
5070
5124
5071
5125
5072
5126
5073
5127
5074
5128
5075
5129
5076
5130
5077
5131
5078
5132
5079
5133
5080
5134
5081
5135
5082
5136
5083
5137
5084
5138
5085
5139
5086
5140
5087
5141
5088
5142
5089
5143
5090
5144
5091
5145
5092
5146
5093
5147
5094
5148
5149
5778
5096
5150
5097
5151
5098
5152
5099
5153
5100
5154
5101
5155
5102
5156
5103
5157
5104
5158
5105
5159
5106
5160
5107
5161
5108
5162
5109
5163
5110
5164
5111
5165
5112
5166
5113
5167
5114
5168
5115
5169
5116
5170
5117
5171
5118
5172
5119
5173
5120
5174
5121
5175
5122
5176
5123
5177
5124
5178
5125
5179
5126
5180
5127
5181
5128
5182
5129
5183
5130
5184
5131
5185
5132
5186
5133
5187
5134
5188
5135
5189
5136
5190
5137
5191
5138
5192
5139
5193
5140
5194
5141
5195
5142
5196
5143
5197
5144
5198
5145
5199
5146
5200
5147
5201
5148
5202
5149
5203
5204
5795
5151
5205
5152
5206
5153
5207
5154
5208
5155
5209
5156
5210
5157
5211
5158
5212
5159
5213
5160
5214
5161
5215
5162
5216
5163
5217
5164
5218
5165
5219
5166
5220
5167
5221
5168
5222
5169
5223
5170
5224
5171
5225
5172
5226
5173
5227
5174
5228
5175
5229
5176
5230
5177
5231
5178
5232
5179
5233
5180
5234
5181
5235
5182
5236
5183
5237
5184
5238
5185
5239
5186
5240
5187
5241
5188
5242
5189
5243
5190
5244
5191
5245
5192
5246
5193
5247
5194
5248
5195
5249
5196
5250
5197
5251
5198
5252
5199
5253
5200
5254
5201
5255
5202
5256
5203
5257
5204
5258
5259
5812
5206
5260
5207
5261
5208
5262
5209
5263
5210
5264
5211
5265
5212
5266
5213
5267
5214
5268
5215
5269
5216
5270
5217
5271
5218
5272
5219
5273
5220
5274
5221
5275
5222
5276
5223
5277
5224
5278
5225
5279
5226
5280
5227
5281
5228
5282
5229
5283
5230
5284
5231
5285
5232
5286
5233
5287
5234
5288
5235
5289
5236
5290
5237
5291
5238
5292
5239
5293
5240
5294
5241
5295
5242
5296
5243
5297
5244
5298
5245
5299
5246
5300
5247
5301
5248
5302
5249
5303
5250
5304
5251
5305
5252
5306
5253
5307
5254
5308
5255
5309
5256
5310
5257
5311
5258
5312
5259
5313
5314
5829
5261
5315
5262
5316
5263
5317
5264
5318
5265
5319
5266
5320
5267
5321
5268
5322
5269
5323
5270
5324
5271
5325
5272
5326
5273
5327
5274
5328
5275
5329
5276
5330
5277
5331
5278
5332
5279
5333
5280
5334
5281
5335
5282
5336
5283
5337
5284
5338
5285
5339
5286
5340
5287
5341
5288
5342
5289
5343
5290
5344
5291
5345
5292
5346
5293
5347
5294
5348
5295
5349
5296
5350
5297
5351
5298
5352
5299
5353
5300
5354
5301
5355
5302
5356
5303
5357
5304
5358
5305
5359
5306
5360
5307
5361
5308
5362
5309
5363
5310
5364
5311
5365
5312
5366
5313
5367
5314
5368
5369
5846
5316
5317
5318
5319
5320
5321
5322
5323
5324
5325
5326
5327
5328
5329
5330
5331
5332
5333
5334
5335
5336
5337
5338
5339
5340
5341
5342
5343
5344
5345
5346
5347
5348
5349
5350
5351
5352
5353
5354
5355
5356
5357
5358
5359
5360
5361
5362
5363
5364
5365
5366
5367
5368
5369
5863
5371
5387
5372
5388
5373
5389
5374
5390
5375
5391
5376
5392
5377
5393
5378
5394
5379
5395
5380
5396
5381
5397
5382
5398
5383
5399
5384
5400
5385
5401
5386
5402
5403
5388
5404
5389
5405
5390
5406
5391
5407
5392
5408
5393
5409
5394
5410
5395
5411
5396
5412
5397
5413
5398
5414
5399
5415
5400
5416
5401
5417
5402
5418
5403
5419
5420
5405
5421
5406
5422
5407
5423
5408
5424
5409
5425
5410
5426
5411
5427
5412
5428
5413
5429
5414
5430
5415
5431
5416
5432
5417
5433
5418
5434
5419
5435
5420
5436
5437
5422
5438
5423
5439
5424
5440
5425
5441
5426
5442
5427
5443
5428
5444
5429
5445
5430
5446
5431
5447
5432
5448
5433
5449
5434
5450
5435
5451
5436
5452
5437
5453
5454
5439
5455
5440
5456
5441
5457
5442
5458
5443
5459
5444
5460
5445
5461
5446
5462
5447
5463
5448
5464
5449
5465
5450
5466
5451
5467
5452
5468
5453
5469
5454
5470
5471
5456
5472
5457
5473
5458
5474
5459
5475
5460
5476
5461
5477
5462
5478
5463
5479
5464
5480
5465
5481
5466
5482
5467
5483
5468
5484
5469
5485
5470
5486
5471
5487
5488
5473
5489
5474
5490
5475
5491
5476
5492
5477
5493
5478
5494
5479
5495
5480
5496
5481
5497
5482
5498
5483
5499
5484
5500
5485
5501
5486
5502
5487
5503
5488
5504
5505
5490
5506
5491
5507
5492
5508
5493
5509
5494
5510
5495
5511
5496
5512
5497
5513
5498
5514
5499
5515
5500
5516
5501
5517
5502
5518
5503
5519
5504
5520
5505
5521
5522
5507
5523
5508
5524
5509
5525
5510
5526
5511
5527
5512
5528
5513
5529
5514
5530
5515
5531
5516
5532
5517
5533
5518
5534
5519
5535
5520
5536
5521
5537
5522
5538
5539
5524
5540
5525
5541
5526
5542
5527
5543
5528
5544
5529
5545
5530
5546
5531
5547
5532
5548
5533
5549
5534
5550
5535
5551
5536
5552
5537
5553
5538
5554
5539
5555
5556
5541
5557
5542
5558
5543
5559
5544
5560
5545
5561
5546
5562
5547
5563
5548
5564
5549
5565
5550
5566
5551
5567
5552
5568
5553
5569
5554
5570
5555
5571
5556
5572
5573
5558
5574
5559
5575
5560
5576
5561
5577
5562
5578
5563
5579
5564
5580
5565
5581
5566
5582
5567
5583
5568
5584
5569
5585
5570
5586
5571
5587
5572
5588
5573
5589
5590
5575
5591
5576
5592
5577
5593
5578
5594
5579
5595
5580
5596
5581
5597
5582
5598
5583
5599
5584
5600
5585
5601
5586
5602
5587
5603
5588
5604
5589
5605
5590
5606
5607
5592
5608
5593
5609
5594
5610
5595
5611
5596
5612
5597
5613
5598
5614
5599
5615
5600
5616
5601
5617
5602
5618
5603
5619
5604
5620
5605
5621
5606
5622
5607
5623
5624
5609
5625
5610
5626
5611
5627
5612
5628
5613
5629
5614
5630
5615
5631
5616
5632
5617
5633
5618
5634
5619
5635
5620
5636
5621
5637
5622
5638
5623
5639
5624
5640
5641
5626
5642
5627
5643
5628
5644
5629
5645
5630
5646
5631
5647
5632
5648
5633
5649
5634
5650
5635
5651
5636
5652
5637
5653
5638
5654
5639
5655
5640
5656
5641
5657
5658
5643
5659
5644
5660
5645
5661
5646
5662
5647
5663
5648
5664
5649
5665
5650
5666
5651
5667
5652
5668
5653
5669
5654
5670
5655
5671
5656
5672
5657
5673
5658
5674
5675
5660
5676
5661
5677
5662
5678
5663
5679
5664
5680
5665
5681
5666
5682
5667
5683
5668
5684
5669
5685
5670
5686
5671
5687
5672
5688
5673
5689
5674
5690
5675
5691
5692
5677
5693
5678
5694
5679
5695
5680
5696
5681
5697
5682
5698
5683
5699
5684
5700
5685
5701
5686
5702
5687
5703
5688
5704
5689
5705
5690
5706
5691
5707
5692
5708
5709
5694
5710
5695
5711
5696
5712
5697
5713
5698
5714
5699
5715
5700
5716
5701
5717
5702
5718
5703
5719
5704
5720
5705
5721
5706
5722
5707
5723
5708
5724
5709
5725
5726
5711
5727
5712
5728
5713
5729
5714
5730
5715
5731
5716
5732
5717
5733
5718
5734
5719
5735
5720
5736
5721
5737
5722
5738
5723
5739
5724
5740
5725
5741
5726
5742
5743
5728
5744
5729
5745
5730
5746
5731
5747
5732
5748
5733
5749
5734
5750
5735
5751
5736
5752
5737
5753
5738
5754
5739
5755
5740
5756
5741
5757
5742
5758
5743
5759
5760
5745
5761
5746
5762
5747
5763
5748
5764
5749
5765
5750
5766
5751
5767
5752
5768
5753
5769
5754
5770
5755
5771
5756
5772
5757
5773
5758
5774
5759
5775
5760
5776
5777
5762
5778
5763
5779
5764
5780
5765
5781
5766
5782
5767
5783
5768
5784
5769
5785
5770
5786
5771
5787
5772
5788
5773
5789
5774
5790
5775
5791
5776
5792
5777
5793
5794
5779
5795
5780
5796
5781
5797
5782
5798
5783
5799
5784
5800
5785
5801
5786
5802
5787
5803
5788
5804
5789
5805
5790
5806
5791
5807
5792
5808
5793
5809
5794
5810
5811
5796
5812
5797
5813
5798
5814
5799
5815
5800
5816
5801
5817
5802
5818
5803
5819
5804
5820
5805
5821
5806
5822
5807
5823
5808
5824
5809
5825
5810
5826
5811
5827
5828
5813
5829
5814
5830
5815
5831
5816
5832
5817
5833
5818
5834
5819
5835
5820
5836
5821
5837
5822
5838
5823
5839
5824
5840
5825
5841
5826
5842
5827
5843
5828
5844
5845
5830
5846
5831
5847
5832
5848
5833
5849
5834
5850
5835
5851
5836
5852
5837
5853
5838
5854
5839
5855
5840
5856
5841
5857
5842
5858
5843
5859
5844
5860
5845
5861
5862
5847
5863
5848
5864
5849
5865
5850
5866
5851
5867
5852
5868
5853
5869
5854
5870
5855
5871
5856
5872
5857
5873
5858
5874
5859
5875
5860
5876
5861
5877
5862
5878
5879
5864
5865
5866
5867
5868
5869
5870
5871
5872
5873
5874
5875
5876
5877
5878
5879
)


// ************************************************************************* //
