/*--------------------------------*- C++ -*----------------------------------*\
| =========                 |                                                 |
| \\      /  F ield         | OpenFOAM: The Open Source CFD Toolbox           |
|  \\    /   O peration     | Version:  2312                                  |
|   \\  /    A nd           | Website:  www.openfoam.com                      |
|    \\/     M anipulation  |                                                 |
\*---------------------------------------------------------------------------*/
FoamFile
{
    version     2.0;
    format      ascii;
    arch        "LSB;label=32;scalar=64";
    class       volScalarField;
    location    "4000";
    object      epsilon;
}
// * * * * * * * * * * * * * * * * * * * * * * * * * * * * * * * * * * * * * //

dimensions      [0 2 -3 0 0 0 0];

internalField   nonuniform List<scalar> 
5880
(
0.000505049
0.001118
0.00230186
0.00362966
0.00449477
0.00469591
0.00467729
0.00472258
0.00505446
0.00566451
0.00633681
0.00691649
0.00732137
0.00750815
0.00742194
0.00698029
0.00641575
0.00829938
0.0120272
0.0178645
0.0268193
0.0391572
0.054108
0.0717548
0.0914596
0.112257
0.13328
0.15356
0.172324
0.188866
0.202694
0.212891
0.218959
0.220348
0.218908
0.211625
0.200433
0.185621
0.167643
0.147304
0.125444
0.102996
0.0808967
0.0602175
0.0419958
0.0273237
0.0203684
0.0219236
0.0231535
0.0219112
0.0177542
0.0109298
0.00491408
0.00153377
0.000470239
0.000371747
0.000529958
0.000797907
0.00111475
0.00135228
0.00145427
0.00150539
0.00159451
0.00180289
0.00215269
0.00258879
0.00307055
0.00358769
0.00414732
0.00475791
0.00543223
0.00631295
0.00799267
0.0103523
0.0134387
0.0173718
0.0220034
0.0266159
0.0312817
0.0357945
0.0399313
0.0435838
0.0466599
0.049168
0.0507163
0.0524041
0.0525391
0.0524568
0.0515602
0.050636
0.0489543
0.0467703
0.0439991
0.0408109
0.037221
0.0333228
0.0291833
0.0249101
0.0206126
0.0164552
0.0127273
0.0103033
0.00933044
0.00844568
0.00737286
0.00609944
0.00420096
0.00224401
0.000883788
0.000307941
0.000678607
0.000544552
0.00055017
0.000597159
0.000663648
0.000726349
0.000815505
0.000982676
0.00127947
0.00172754
0.00231982
0.00305478
0.00392435
0.00494378
0.0061345
0.0075207
0.00911765
0.0109894
0.012921
0.0147477
0.0165227
0.0180384
0.0192014
0.0201447
0.0208774
0.0214159
0.0217995
0.0219905
0.0221461
0.022115
0.0221667
0.0219732
0.0218419
0.0216432
0.0214885
0.0211953
0.020829
0.0203413
0.0197411
0.0190094
0.0181269
0.0170525
0.0157561
0.014224
0.0124761
0.0106285
0.00890981
0.00741349
0.00596068
0.00462984
0.0035244
0.00249496
0.0015146
0.000730861
0.000482525
0.00123602
0.000804561
0.000636313
0.000577185
0.000586388
0.000646483
0.000801181
0.00109559
0.00156389
0.00222852
0.00309655
0.00417659
0.0054855
0.00699706
0.00860816
0.0101931
0.0115597
0.0125161
0.0131613
0.0135923
0.0137014
0.0136561
0.013593
0.0134945
0.0134037
0.0133208
0.0132769
0.0132332
0.0132434
0.0132723
0.0133621
0.0134579
0.0136175
0.0137963
0.0139986
0.0141869
0.0143672
0.0145094
0.0145805
0.0145926
0.0144697
0.0141932
0.0136931
0.0129147
0.0118286
0.0104404
0.00886546
0.00721115
0.00555623
0.00405564
0.00285391
0.00195476
0.00125428
0.000711054
0.00076558
0.00208316
0.00117745
0.000843753
0.000721834
0.00072471
0.000823664
0.00108767
0.0015793
0.00232711
0.00333783
0.00459689
0.00607901
0.00771145
0.00931582
0.0105783
0.011374
0.0115849
0.0116693
0.011352
0.0107848
0.0104274
0.0101121
0.00988491
0.00971207
0.00962893
0.00958242
0.00958547
0.00965042
0.00976463
0.00992221
0.0101282
0.0103716
0.0106594
0.010975
0.0113172
0.0116732
0.0120379
0.012395
0.0127254
0.0130049
0.0131456
0.0131774
0.0130142
0.0125692
0.0117972
0.0106603
0.00919888
0.00749466
0.00570306
0.0040369
0.00269087
0.00173962
0.00110833
0.000718737
0.00113852
0.00318445
0.00159652
0.00110787
0.000969692
0.00100884
0.00122044
0.00169129
0.0024768
0.00359016
0.00498998
0.00658662
0.00822357
0.00966285
0.0104848
0.0107003
0.0107113
0.0102068
0.00945314
0.00887069
0.00841526
0.00811618
0.00789199
0.00777838
0.00770569
0.00770033
0.00774192
0.00783717
0.00797734
0.00815907
0.00838022
0.00864001
0.00893513
0.00926463
0.00962335
0.010009
0.010415
0.010835
0.0112572
0.0116657
0.0120388
0.0123416
0.0124906
0.0125208
0.0123232
0.0118176
0.0109619
0.00971283
0.00811124
0.0062714
0.00441168
0.00281411
0.00168857
0.00102071
0.000735282
0.00154412
0.00441804
0.00201639
0.00144271
0.00134404
0.00148439
0.00190065
0.00266732
0.00382036
0.00530041
0.00694994
0.0085261
0.00964724
0.0100457
0.0101118
0.00969487
0.00886029
0.00808357
0.00752346
0.00713046
0.00686084
0.00670665
0.00660366
0.00658388
0.00658552
0.00665264
0.00675414
0.00689565
0.00707104
0.0072795
0.00751925
0.00778908
0.00808727
0.00841235
0.00876184
0.00913343
0.00952298
0.00992575
0.0103345
0.0107401
0.0111316
0.0114891
0.0117817
0.0119334
0.011971
0.0117814
0.0112933
0.0104126
0.00910244
0.0073638
0.00533637
0.00335455
0.00184832
0.00102551
0.000762286
0.00190321
0.00561467
0.0024402
0.00190756
0.00191589
0.00224244
0.00293639
0.00404622
0.00551226
0.00712676
0.00857586
0.00930368
0.00953012
0.0093897
0.00865083
0.00774031
0.00707305
0.00656807
0.00624161
0.00602832
0.00589986
0.00585579
0.00583301
0.00585814
0.00592412
0.0060265
0.00615735
0.00631757
0.00650396
0.00671576
0.00695188
0.00721136
0.00749296
0.00779542
0.00811721
0.00845651
0.00881075
0.00917675
0.00954992
0.00992666
0.0103062
0.0106799
0.0110355
0.011359
0.0115947
0.01169
0.0116286
0.0112327
0.0104166
0.00903679
0.00703942
0.0046446
0.00245877
0.00119331
0.0008563
0.0021177
0.00680239
0.00301887
0.00261093
0.00277888
0.00334204
0.00432223
0.00566575
0.00715125
0.00832476
0.00887016
0.00898362
0.00861047
0.0076986
0.0068915
0.00627648
0.005868
0.00559194
0.00542742
0.0053538
0.00528987
0.00529386
0.00532824
0.00539434
0.00548935
0.00560973
0.00575352
0.0059201
0.00610829
0.00631755
0.00654717
0.00679657
0.00706511
0.0073521
0.0076567
0.00797789
0.00831436
0.00866451
0.00902627
0.00939631
0.00977397
0.0101586
0.0105416
0.0109222
0.0112935
0.0116426
0.0118699
0.0119472
0.0117345
0.0110074
0.00946439
0.00699769
0.004006
0.0017636
0.00101824
0.00217581
0.007906
0.00389506
0.00361751
0.00396836
0.00472873
0.00582547
0.0070475
0.00796482
0.0083048
0.00835602
0.00777978
0.00690773
0.00619021
0.0056647
0.00531417
0.00509364
0.00497418
0.00489186
0.00487594
0.00486801
0.00491006
0.00497286
0.00506028
0.00516973
0.00529995
0.00545036
0.00562063
0.00581051
0.00601998
0.00624895
0.00649741
0.00676531
0.00705251
0.00735868
0.00768331
0.00802562
0.00838464
0.00875929
0.00914709
0.00954242
0.0099487
0.0103538
0.0107607
0.0111703
0.0115934
0.0120377
0.0124622
0.0126712
0.0126964
0.0120123
0.0101838
0.00694771
0.00321375
0.00150521
0.00216353
0.00912071
0.00505927
0.00490815
0.00538698
0.00615514
0.00703406
0.00761451
0.00782583
0.00774521
0.00705337
0.00626106
0.00562099
0.00517018
0.00487301
0.00468858
0.00458118
0.00453965
0.00450907
0.00451477
0.00455016
0.00460869
0.00468624
0.00478344
0.00489917
0.00503323
0.00518568
0.00535677
0.00554698
0.00575692
0.00598736
0.00623909
0.0065129
0.00680939
0.00712883
0.00747108
0.00783545
0.00822056
0.00862447
0.00904502
0.00947985
0.00991758
0.0103477
0.0107909
0.0112455
0.0117207
0.0122251
0.0127729
0.0133596
0.0137866
0.0139349
0.0132745
0.010879
0.00631255
0.00262317
0.00220987
0.0110306
0.00648529
0.00634305
0.0067602
0.00721845
0.0074493
0.00747268
0.00718029
0.00647217
0.00575251
0.00517269
0.00476971
0.00450843
0.00434622
0.0042615
0.00420415
0.00419342
0.00419074
0.00421952
0.00426642
0.00433056
0.00441069
0.00450677
0.00461869
0.00474688
0.00489207
0.0050553
0.00523789
0.00544143
0.00566769
0.00591857
0.00619598
0.00650169
0.00683721
0.00720361
0.00760132
0.00802983
0.00848743
0.00897089
0.009476
0.00999807
0.0105506
0.0110793
0.0115987
0.0121326
0.0126818
0.0132616
0.0139044
0.0146404
0.0153104
0.0155911
0.0148825
0.0115964
0.0052834
0.00268457
0.0155465
0.00820806
0.00769329
0.00772748
0.00765246
0.00733664
0.00686847
0.00610467
0.005395
0.00484047
0.00445608
0.0042075
0.0040532
0.00396063
0.00391906
0.00388745
0.00388537
0.00389703
0.00392751
0.00397071
0.00402651
0.00409447
0.00417487
0.00426836
0.0043761
0.00449966
0.00464109
0.00480279
0.00498755
0.00519843
0.00543868
0.00571162
0.00602057
0.00636859
0.00675829
0.00719159
0.00766942
0.00819148
0.0087559
0.00935868
0.00999308
0.0106502
0.011347
0.012038
0.0126973
0.013371
0.0140492
0.0147516
0.0155299
0.0164639
0.0175442
0.018081
0.0176461
0.0126665
0.007363
0.0217059
0.00995327
0.00860291
0.00814953
0.00758087
0.0068778
0.00599567
0.00521824
0.00463123
0.00422842
0.00396715
0.00380214
0.00369987
0.00363635
0.00360567
0.00358244
0.00357819
0.00358159
0.00359703
0.00362024
0.00365135
0.00369062
0.00373893
0.00379767
0.00386883
0.00395494
0.00405903
0.00418466
0.00433585
0.00451703
0.004733
0.00498883
0.0052897
0.00564073
0.00604669
0.00651168
0.00703873
0.00762943
0.00828346
0.00899826
0.00976862
0.0105859
0.0114367
0.0123309
0.0132268
0.0141038
0.0149843
0.0158638
0.0167725
0.0177926
0.0190952
0.0209225
0.0231082
0.0242074
0.0223751
0.0284425
0.0112368
0.00888871
0.00802487
0.00717949
0.00614907
0.00524038
0.00455514
0.00408933
0.00378716
0.00359324
0.00346757
0.00338451
0.00332679
0.00328722
0.00325526
0.00323154
0.00321269
0.00319828
0.00318702
0.00317997
0.00317722
0.00317836
0.00318845
0.00320907
0.00324355
0.00329572
0.00337014
0.0034721
0.00360722
0.00378193
0.0040032
0.00427848
0.00461554
0.00502216
0.00550569
0.00607252
0.00672746
0.00747319
0.00830969
0.00923307
0.0102354
0.0113047
0.0124228
0.0135951
0.0147532
0.0159178
0.0170809
0.0182562
0.0195125
0.021036
0.0232958
0.0274379
0.0363208
0.0529412
0.0353613
0.0120812
0.00876287
0.00757792
0.00649644
0.00546753
0.00463716
0.0040535
0.00367256
0.00342713
0.00326489
0.00315225
0.00306884
0.00300168
0.00294402
0.00289017
0.00283811
0.00278595
0.00273289
0.00267868
0.00262394
0.00256981
0.00251821
0.00247207
0.00243436
0.00241209
0.00240438
0.00241403
0.00245352
0.0025264
0.00264074
0.00280518
0.00302968
0.00332541
0.00370447
0.00417929
0.00476165
0.00546154
0.00628648
0.00724277
0.00833018
0.0095422
0.0108662
0.0122832
0.0137665
0.0153051
0.0168444
0.018376
0.0199103
0.0214943
0.0233158
0.0259385
0.0311607
0.0458796
0.0878117
0.0422984
0.0127638
0.00833926
0.00683822
0.00577617
0.00485639
0.00413842
0.00364004
0.00331376
0.00309877
0.00294937
0.00283688
0.00274422
0.00266099
0.00258122
0.00250089
0.00241787
0.00233086
0.00223948
0.00214406
0.00204567
0.00194605
0.00184755
0.001753
0.00166556
0.00158866
0.00152552
0.00148323
0.00146569
0.00146531
0.00150244
0.00158532
0.00172525
0.00193693
0.00223896
0.00265317
0.00320206
0.00390328
0.00476508
0.00581402
0.00705845
0.00849584
0.0101145
0.011893
0.013801
0.0158123
0.0178609
0.0199154
0.0219582
0.0240214
0.0262503
0.029192
0.0348684
0.0525609
0.120302
0.049882
0.013418
0.00782173
0.00606923
0.00507067
0.00429238
0.00369282
0.00326713
0.00297849
0.00278036
0.00263577
0.00252046
0.00241959
0.00232412
0.00222872
0.00213013
0.00202663
0.00191751
0.00180296
0.00168398
0.00156236
0.00144052
0.00132134
0.00120797
0.00110358
0.00101109
0.000933081
0.000871807
0.000830804
0.000813008
0.000812188
0.000840515
0.000901724
0.00100431
0.00116405
0.0014067
0.00177142
0.00231357
0.00309952
0.00415749
0.00550918
0.00715721
0.00909471
0.0112981
0.0137563
0.0163581
0.019082
0.0218682
0.0246632
0.0274614
0.0303897
0.0339608
0.0402801
0.0599659
0.152077
0.0530287
0.0138954
0.00728192
0.0054412
0.00451325
0.00385679
0.0033544
0.00298152
0.00271484
0.00252378
0.00237984
0.00226149
0.0021552
0.00205272
0.00194933
0.00184235
0.00173059
0.00161392
0.00149343
0.00137096
0.001249
0.00113031
0.00101785
0.000914374
0.000822275
0.000743322
0.000678669
0.000628578
0.000593629
0.000576238
0.000574166
0.000587306
0.000617528
0.000670341
0.000755727
0.000890757
0.00110507
0.00144831
0.00199718
0.00285299
0.0041185
0.00585161
0.00807616
0.0107628
0.0137871
0.0171436
0.0207638
0.0245536
0.0284179
0.0322996
0.036274
0.0408172
0.0479971
0.0690011
0.183686
0.0534579
0.0154838
0.00777836
0.00531789
0.00418514
0.00351578
0.00305699
0.00272197
0.00247246
0.00228303
0.00213559
0.00201653
0.00191308
0.00181673
0.00172214
0.0016266
0.00152947
0.00143223
0.00133479
0.00123775
0.00114235
0.00105001
0.00096239
0.000880927
0.000806929
0.000741237
0.000684453
0.000637271
0.000600551
0.000574796
0.000561873
0.000562931
0.000577245
0.000611519
0.000672363
0.000770885
0.000928853
0.00118615
0.00161533
0.00233637
0.00349842
0.00523753
0.00759991
0.0106034
0.0142902
0.0186092
0.0234341
0.0286282
0.0340503
0.0395833
0.0452312
0.0514299
0.0602809
0.0832252
0.218814
0.0392472
0.0132568
0.00726299
0.00518633
0.00415291
0.00349791
0.0030386
0.00271787
0.00248073
0.0022916
0.00213533
0.00200425
0.00189158
0.00179139
0.00169946
0.00161255
0.00152882
0.00144569
0.00136178
0.00127772
0.00119529
0.00111572
0.00104049
0.000970676
0.000907479
0.000851665
0.000804095
0.0007654
0.000736121
0.000717124
0.000710734
0.00071696
0.000737137
0.000781735
0.000856101
0.000971138
0.00114403
0.00140236
0.00179729
0.00243453
0.00350719
0.0052673
0.00792903
0.0115942
0.0162559
0.0218563
0.0283086
0.0354824
0.0432083
0.051308
0.0597021
0.0687664
0.0807374
0.108118
0.266707
0.0196298
0.0112524
0.00738781
0.00541204
0.00437264
0.00382132
0.00345133
0.00314749
0.00289012
0.0026828
0.00251581
0.00237708
0.0022588
0.00215445
0.00206049
0.00197368
0.00189273
0.00181541
0.00174281
0.0016745
0.00161068
0.00155171
0.00149836
0.00145122
0.0014113
0.00137953
0.00135671
0.00134451
0.00134518
0.00135709
0.00137691
0.00142502
0.00150463
0.00165617
0.00188858
0.00222966
0.0027169
0.00340136
0.00435269
0.00566884
0.00749026
0.0100019
0.0133996
0.0178681
0.0235843
0.0307084
0.039318
0.0493437
0.0606179
0.0728797
0.0858942
0.0998854
0.117251
0.152756
0.351193
0.00850737
0.00630556
0.00612916
0.00619327
0.00631672
0.0065247
0.00675705
0.0069749
0.00716073
0.00731324
0.00743735
0.0075344
0.00759786
0.00763248
0.0076344
0.00762254
0.00759571
0.00756456
0.0075366
0.00751581
0.00750911
0.00751413
0.00754427
0.00758403
0.00765336
0.00774982
0.00787703
0.00803958
0.00824025
0.00849032
0.00878309
0.00916036
0.00952826
0.0103116
0.0115103
0.0131219
0.0151486
0.0175982
0.0204793
0.0237966
0.0275775
0.0318967
0.0369171
0.0429705
0.0505976
0.0604956
0.0731134
0.0882006
0.105948
0.126137
0.148242
0.171989
0.199744
0.250586
0.504677
0.0510381
0.0639497
0.0806598
0.0943373
0.104761
0.112266
0.117462
0.120822
0.122746
0.123531
0.123436
0.123
0.122028
0.120783
0.119328
0.117774
0.116158
0.114557
0.112995
0.111524
0.110149
0.108905
0.107811
0.106891
0.106154
0.10561
0.105258
0.105142
0.105173
0.105523
0.106057
0.106876
0.107933
0.109032
0.11019
0.111424
0.112756
0.114213
0.115836
0.117685
0.119863
0.122542
0.126011
0.130731
0.137335
0.146581
0.159371
0.176819
0.199062
0.225799
0.256492
0.29128
0.334548
0.419446
0.81339
4.70993
1.66495
0.895309
0.614647
0.485021
0.413978
0.370248
0.339854
0.318198
0.301817
0.289003
0.278991
0.271031
0.264496
0.259133
0.25435
0.250329
0.246571
0.243187
0.239999
0.237087
0.234308
0.231754
0.229271
0.227023
0.224796
0.222794
0.220786
0.218981
0.217149
0.215522
0.213846
0.212373
0.21083
0.209489
0.208061
0.206832
0.20551
0.204372
0.203147
0.202092
0.200949
0.199966
0.198899
0.197979
0.19698
0.19612
0.195178
0.194372
0.193481
0.192726
0.191884
0.191172
0.190378
0.189701
0.188953
0.188307
0.187605
0.186983
0.186325
0.185721
0.185108
0.184518
0.183947
0.183368
0.182836
0.182265
0.181771
0.181201
0.180744
0.180165
0.179745
0.179142
0.178751
0.178102
0.177703
0.176971
0.17647
0.174956
0.175959
2.67474
0.77813
0.328178
0.188761
0.135016
0.111942
0.100842
0.0958271
0.0941413
0.093607
0.0935239
0.0943706
0.0950433
0.095451
0.0957345
0.0954519
0.0953551
0.0947863
0.0941789
0.0934798
0.0927462
0.0919717
0.0911851
0.0903894
0.0896204
0.0888419
0.088106
0.0873622
0.0866675
0.0859579
0.0853116
0.0846456
0.0840461
0.08342
0.0828649
0.0822751
0.0817612
0.0812072
0.0807276
0.0802103
0.0797621
0.0792753
0.0788569
0.0783988
0.0780073
0.0775759
0.0772098
0.0768005
0.0764587
0.0760687
0.0757516
0.07538
0.0750831
0.0747297
0.0744494
0.0741149
0.0738488
0.073532
0.0732786
0.0729789
0.072736
0.0724534
0.0722189
0.0719528
0.0717254
0.0714753
0.0712539
0.0710191
0.070802
0.0705836
0.0703676
0.0701689
0.0699465
0.0697764
0.0695338
0.069402
0.0691502
0.0690007
0.068966
0.0693112
2.57011
0.711486
0.270307
0.131594
0.0780401
0.0543535
0.0429639
0.0374701
0.0348357
0.0345294
0.0345196
0.0356302
0.0367042
0.0382303
0.039743
0.0410828
0.0423655
0.0433951
0.0442372
0.044894
0.0453958
0.0457581
0.046008
0.0461562
0.0462402
0.0462442
0.0462136
0.0461514
0.0460464
0.0459043
0.0457627
0.0455871
0.0454216
0.0452244
0.0450465
0.0448367
0.0446531
0.0444392
0.0442519
0.0440397
0.0438547
0.0436439
0.0434628
0.0432563
0.0430796
0.0428797
0.0427082
0.0425136
0.0423493
0.0421599
0.0420051
0.0418202
0.0416738
0.0414936
0.041355
0.0411802
0.0410488
0.0408792
0.0407549
0.0405903
0.0404725
0.0403131
0.0402011
0.0400469
0.0399402
0.0397913
0.0396896
0.0395459
0.0394484
0.0393111
0.0392167
0.0390879
0.0389943
0.0388782
0.0387813
0.0386864
0.0385877
0.0385197
0.0385656
0.0386131
2.56911
0.712932
0.268682
0.1264
0.0700888
0.044057
0.0306566
0.0232794
0.01904
0.0167166
0.0154403
0.0150612
0.0150484
0.0155359
0.0160967
0.0169797
0.0180071
0.0190665
0.0201328
0.0211623
0.0221259
0.0230054
0.0237933
0.0244826
0.0250861
0.0255969
0.0260374
0.026405
0.0267155
0.0269632
0.027174
0.0273335
0.02747
0.0275629
0.0276443
0.0276877
0.0277275
0.0277367
0.0277397
0.0277286
0.0277105
0.0276758
0.0276445
0.0275926
0.0275502
0.0274885
0.0274382
0.0273683
0.0273134
0.027237
0.0271801
0.0270999
0.0270413
0.0269579
0.026899
0.0268143
0.0267556
0.02667
0.0266121
0.0265256
0.0264697
0.0263827
0.0263288
0.0262416
0.0261901
0.026103
0.026054
0.0259673
0.0259202
0.0258359
0.0257897
0.0257094
0.0256644
0.0255889
0.0255468
0.0254786
0.0254439
0.0254004
0.0254342
0.025495
2.56991
0.714632
0.270153
0.127
0.0697842
0.0429232
0.0287177
0.0205315
0.0155262
0.0123293
0.0102713
0.0089232
0.0080953
0.00761201
0.00741687
0.00742666
0.00764868
0.00793328
0.00839633
0.00895258
0.00957667
0.0102429
0.0109357
0.0116318
0.0123192
0.0129773
0.0136043
0.0141861
0.0147262
0.015214
0.0156612
0.016057
0.0164185
0.0167325
0.0170198
0.0172646
0.0174892
0.017678
0.0178499
0.0179936
0.0181245
0.0182306
0.0183287
0.0184045
0.0184765
0.0185281
0.01858
0.0186113
0.0186478
0.0186627
0.0186862
0.0186914
0.0187005
0.0186968
0.0186977
0.0186885
0.0186807
0.0186659
0.0186536
0.0186334
0.0186183
0.0185934
0.0185756
0.0185474
0.0185273
0.0184963
0.018475
0.0184411
0.0184197
0.0183837
0.018362
0.0183258
0.018304
0.0182689
0.0182484
0.0182154
0.0182091
0.0181889
0.0182153
0.018279
2.56958
0.714521
0.27029
0.127191
0.0699287
0.0429537
0.028593
0.0202084
0.0149774
0.0115274
0.00918009
0.00752164
0.00634519
0.00549284
0.00488872
0.00446052
0.00419954
0.00402187
0.00399315
0.00401942
0.00413709
0.00431252
0.00456433
0.00487166
0.00522917
0.00562132
0.00604654
0.00649061
0.00694984
0.00740921
0.00786838
0.00831237
0.00874533
0.00915303
0.00954391
0.00990483
0.0102468
0.0105588
0.0108514
0.0111165
0.0113642
0.0115861
0.0117941
0.0119776
0.0121516
0.0123014
0.012447
0.0125676
0.0126894
0.0127853
0.0128869
0.0129628
0.0130467
0.0131055
0.0131752
0.0132197
0.0132777
0.0133099
0.0133583
0.0133802
0.0134199
0.0134361
0.013465
0.0134775
0.0134979
0.0135069
0.0135207
0.0135226
0.0135334
0.0135321
0.0135401
0.013536
0.013542
0.0135359
0.0135422
0.0135361
0.013549
0.0135509
0.0135825
0.0136354
2.56988
0.714555
0.270484
0.127391
0.070058
0.0430317
0.0286351
0.0202165
0.0149414
0.0114416
0.00902552
0.00729111
0.00601949
0.00505933
0.00433126
0.00376315
0.00333116
0.00298892
0.00273502
0.00254261
0.00241252
0.00232404
0.0022897
0.00229664
0.00234247
0.00241266
0.00253148
0.00268106
0.00286528
0.003076
0.00331572
0.00357451
0.00385608
0.0041485
0.00445541
0.00476426
0.00507911
0.00538802
0.00569582
0.0059912
0.00628149
0.00655423
0.00682091
0.0070662
0.00730698
0.00752332
0.0077384
0.00792652
0.00811728
0.00827913
0.00844735
0.00858559
0.00873331
0.00885048
0.00898014
0.00907858
0.00919262
0.00927442
0.00937508
0.00944233
0.00953118
0.00958626
0.00966451
0.00970898
0.0097782
0.0098135
0.00987471
0.0099022
0.00995562
0.00997901
0.0100238
0.0100445
0.0100823
0.0101013
0.0101343
0.0101533
0.0101853
0.010211
0.010257
0.0103094
2.56953
0.714069
0.270141
0.127199
0.0699562
0.0429794
0.0286112
0.020208
0.0149363
0.011436
0.0090115
0.00726653
0.00597723
0.00499671
0.00423989
0.00364153
0.00316588
0.00278029
0.00246763
0.00221144
0.00200218
0.00183167
0.00169267
0.00158474
0.00150032
0.00143989
0.00139918
0.00138163
0.00138887
0.00140418
0.00144451
0.00150219
0.00158244
0.00167776
0.00179608
0.00192708
0.00208032
0.00224243
0.00242524
0.00261235
0.00281762
0.00302116
0.00324023
0.0034509
0.00367491
0.00388401
0.00410517
0.00430586
0.00451825
0.0047059
0.00490565
0.00507773
0.00526293
0.00541832
0.00558855
0.00572714
0.00588288
0.00600511
0.00614728
0.00625406
0.00638364
0.00647615
0.00659416
0.00667367
0.00678114
0.00684908
0.00694684
0.00700473
0.00709351
0.00714307
0.0072237
0.0072662
0.00733973
0.00737666
0.00744452
0.00747825
0.00754271
0.00758031
0.00765193
0.00771277
2.5698
0.71409
0.270328
0.127417
0.0700736
0.0430186
0.0286131
0.0201995
0.0149256
0.0114277
0.00900386
0.00726031
0.00596957
0.00498805
0.00422691
0.00362465
0.00314142
0.00274786
0.00242383
0.00215438
0.00192824
0.00173755
0.0015754
0.00143757
0.00131999
0.00121981
0.00113494
0.00106327
0.00100452
0.000956852
0.000919212
0.000892762
0.000874315
0.000869091
0.00087399
0.000883122
0.000908673
0.000938107
0.000986658
0.00103729
0.00110858
0.0011807
0.00127513
0.00136733
0.00148358
0.00159406
0.00172919
0.00185489
0.00200477
0.00214134
0.00230109
0.00244356
0.00260811
0.00275154
0.00291634
0.00305645
0.00321784
0.00335138
0.00350685
0.00363168
0.00377958
0.00389461
0.00403404
0.00413895
0.00426945
0.00436454
0.00448588
0.00457186
0.00468398
0.00476185
0.00486492
0.00493578
0.00503025
0.00509541
0.00518223
0.00524355
0.0053252
0.00538682
0.00547299
0.0055522
2.56961
0.713786
0.270163
0.127398
0.0700864
0.0430208
0.0286025
0.0201848
0.0149106
0.011415
0.00899312
0.00725184
0.00596233
0.0049821
0.00422142
0.00361947
0.003136
0.00274167
0.00241659
0.00214513
0.00191682
0.00172256
0.00155666
0.00141333
0.00128956
0.00118133
0.00108717
0.00100409
0.000931599
0.000867318
0.000811438
0.000761702
0.000719263
0.000681261
0.000650671
0.000622856
0.000602701
0.000584416
0.000574125
0.000565924
0.000565328
0.000571883
0.000579241
0.000592339
0.00061541
0.000636555
0.000675916
0.000709118
0.000762597
0.000808815
0.000876867
0.000935992
0.00101825
0.00108967
0.00118485
0.00126718
0.00137324
0.00146424
0.0015787
0.00167565
0.00179555
0.00189562
0.00201793
0.0021186
0.00224047
0.00233978
0.00245876
0.00255538
0.00266954
0.00276275
0.0028709
0.00296035
0.003062
0.00314767
0.0032433
0.00332559
0.00341735
0.00349838
0.00359374
0.00368632
2.56967
0.713703
0.270227
0.127563
0.0702109
0.0430794
0.0286183
0.020181
0.0149
0.0114034
0.00898246
0.00724264
0.00595451
0.00497544
0.00421576
0.00361453
0.00313172
0.00273775
0.00241304
0.00214167
0.00191343
0.00171894
0.00155276
0.00140883
0.00128432
0.00117496
0.00107949
0.000994559
0.000919958
0.000852791
0.000793656
0.000739752
0.000692396
0.000648666
0.000610531
0.000574878
0.000544185
0.000515158
0.000490674
0.000467344
0.000448289
0.000430219
0.000416335
0.000402954
0.000393809
0.000385597
0.000380993
0.000378641
0.000379306
0.000383977
0.000389989
0.000398631
0.000413886
0.000426782
0.000451999
0.000472088
0.000505859
0.000534274
0.000577123
0.00061415
0.000666163
0.000711904
0.000772714
0.000826948
0.000895669
0.000957753
0.00103297
0.00110185
0.00118187
0.00125615
0.00133928
0.00141731
0.00150213
0.00158225
0.00166792
0.00174888
0.00183577
0.00191802
0.00200988
0.00210174
2.56955
0.713457
0.270063
0.127503
0.0701994
0.0430744
0.0286088
0.0201683
0.0148867
0.0113912
0.0089718
0.00723354
0.00594679
0.00496884
0.00421009
0.0036096
0.00312741
0.00273395
0.00240967
0.00213864
0.00191069
0.00171642
0.00155041
0.00140662
0.00128217
0.00117284
0.00107729
0.000992287
0.000917422
0.00085006
0.000790403
0.000736137
0.000687911
0.00064358
0.000604121
0.000567477
0.000534872
0.000504288
0.000477146
0.000451429
0.000428732
0.000407011
0.000388026
0.00036967
0.000353851
0.000338397
0.000325417
0.000312513
0.000302249
0.00029175
0.000284107
0.000275927
0.0002708
0.000265235
0.000262595
0.000260001
0.000260369
0.000261214
0.000264873
0.000268442
0.00027629
0.000283418
0.000295699
0.000307558
0.000324625
0.000341753
0.00036405
0.000386973
0.000414888
0.000443867
0.000477717
0.00051285
0.000552832
0.000593955
0.000640217
0.000687136
0.000739954
0.000793277
0.000854306
0.000918478
2.56946
0.713232
0.269886
0.127379
0.0701249
0.0430305
0.0285801
0.0201473
0.0148702
0.0113779
0.00896085
0.00722448
0.00593913
0.00496237
0.0042045
0.00360479
0.00312316
0.00273025
0.00240633
0.0021357
0.00190798
0.00171404
0.00154817
0.00140465
0.00128026
0.00117118
0.00107562
0.00099084
0.000915911
0.000848751
0.000788962
0.000734881
0.000686448
0.000642271
0.000602521
0.000565979
0.000532982
0.00050242
0.000474756
0.000448945
0.000425554
0.000403569
0.000383646
0.000364784
0.000347715
0.000331438
0.000316746
0.000302643
0.000289957
0.000277725
0.000266757
0.000256171
0.000246699
0.000237601
0.000229478
0.000221743
0.000214912
0.000208478
0.000202949
0.000197788
0.000193508
0.000189711
0.000186711
0.000184444
0.000182851
0.000182331
0.000182541
0.000183969
0.000185984
0.000188954
0.00019378
0.000199215
0.000206746
0.000215064
0.000225809
0.000237516
0.000252144
0.000268118
0.000287936
0.000310478
2.56939
0.713002
0.269685
0.127209
0.0700075
0.0429581
0.0285362
0.0201195
0.014851
0.0113636
0.00894955
0.00721536
0.00593147
0.00495596
0.00419893
0.00360004
0.00311893
0.00272659
0.002403
0.0021328
0.0019053
0.0017117
0.00154596
0.00140271
0.0012784
0.00116955
0.00107403
0.000989454
0.000914525
0.000847554
0.000787739
0.00073383
0.000685349
0.000641331
0.000601512
0.000565117
0.000532028
0.0005016
0.000473819
0.000448126
0.000424587
0.000402699
0.000382589
0.000363796
0.000346486
0.000330238
0.000315237
0.000301103
0.000288025
0.000275663
0.0002642
0.000253338
0.000243246
0.000233666
0.000224751
0.000216273
0.000208383
0.000200867
0.000193884
0.000187218
0.000181049
0.000175146
0.000169723
0.000164521
0.000159806
0.000155266
0.000151243
0.000147369
0.000144026
0.000140826
0.000138174
0.000135718
0.000133815
0.000132185
0.00013114
0.000130472
0.000130683
0.000131153
0.000132591
0.000134882
2.56929
0.71279
0.269473
0.127007
0.0698615
0.0428692
0.0284838
0.0200878
0.0148302
0.0113489
0.00893824
0.00720633
0.00592394
0.00494965
0.00419346
0.00359535
0.00311477
0.00272297
0.00239974
0.00212993
0.00190267
0.00170936
0.00154379
0.00140077
0.00127658
0.00116792
0.00107248
0.000988066
0.000913192
0.000846356
0.000786576
0.000732784
0.000684325
0.000640409
0.0006006
0.000564296
0.000531208
0.000500862
0.000473073
0.000447455
0.000423899
0.00040208
0.000381945
0.000363213
0.000345871
0.000329674
0.000314634
0.000300538
0.000287412
0.000275072
0.000263551
0.000252689
0.000242523
0.000232916
0.000223904
0.000215366
0.000207344
0.000199726
0.000192558
0.000185734
0.00017931
0.000173177
0.000167405
0.000161877
0.000156681
0.00015169
0.000147004
0.000142497
0.000138268
0.000134201
0.000130388
0.000126727
0.000123301
0.000120025
0.000116968
0.000114066
0.000111382
0.000108875
0.000106604
0.000104554
2.56925
0.712648
0.269354
0.126897
0.0697774
0.0428125
0.0284475
0.0200636
0.014813
0.011336
0.00892799
0.00719799
0.00591693
0.00494373
0.00418834
0.00359092
0.00311086
0.00271954
0.00239665
0.00212719
0.00190018
0.00170713
0.00154174
0.00139892
0.00127486
0.00116636
0.00107101
0.000986726
0.000911929
0.000845195
0.000785477
0.000731769
0.000683357
0.000639513
0.000599741
0.000563499
0.00053044
0.000500148
0.000472381
0.000446812
0.000423271
0.000401496
0.000381372
0.00036268
0.000345344
0.000329183
0.000314147
0.000300082
0.000286958
0.000274644
0.000263122
0.000252282
0.000242114
0.000232523
0.000223505
0.00021498
0.000206946
0.000199335
0.000192149
0.000185327
0.000178874
0.000172736
0.000166921
0.000161379
0.000156123
0.000151104
0.000146338
0.000141779
0.000137445
0.000133294
0.000129343
0.000125556
0.000121946
0.000118484
0.00011518
0.000112012
0.000108985
0.000106086
0.000103317
0.000100673
2.56918
0.712508
0.269225
0.126767
0.0696768
0.0427474
0.0284073
0.0200383
0.0147959
0.0113236
0.00891837
0.00719023
0.00591046
0.00493825
0.00418361
0.00358682
0.00310725
0.00271636
0.00239381
0.00212465
0.00189787
0.00170505
0.00153984
0.00139719
0.00127326
0.0011649
0.00106966
0.000985475
0.000910758
0.00084411
0.000784456
0.000730819
0.000682458
0.000638674
0.000598944
0.000562752
0.000529727
0.000499479
0.000471739
0.000446208
0.000422689
0.000400948
0.000380842
0.00036218
0.000344859
0.000328725
0.000313701
0.00029966
0.000286546
0.000274253
0.00026274
0.000251919
0.000241758
0.000232184
0.000223172
0.000214661
0.000206632
0.000199034
0.000191851
0.00018504
0.000178589
0.00017246
0.000166646
0.000161112
0.000155854
0.00015084
0.000146069
0.000141514
0.000137172
0.000133021
0.000129059
0.000125266
0.00012164
0.000118167
0.00011484
0.000111651
0.000108593
0.000105659
0.000102842
0.000100139
2.56915
0.712404
0.26917
0.126732
0.0696464
0.0427219
0.0283872
0.0200225
0.0147833
0.0113133
0.00890995
0.00718323
0.00590454
0.00493321
0.00417926
0.00358304
0.00310392
0.00271342
0.00239118
0.00212231
0.00189575
0.00170314
0.00153809
0.0013956
0.0012718
0.00116355
0.00106841
0.000984321
0.00090968
0.00084311
0.000783516
0.000729944
0.000681632
0.000637901
0.000598211
0.000562064
0.000529071
0.000498862
0.000471149
0.000445651
0.000422155
0.000400444
0.000380356
0.00036172
0.000344415
0.000328303
0.000313292
0.000299272
0.000286169
0.000273894
0.000262391
0.000251586
0.000241434
0.000231873
0.000222869
0.000214371
0.000206349
0.000198762
0.000191586
0.000184785
0.000178339
0.00017222
0.00016641
0.000160884
0.00015563
0.000150624
0.000145856
0.000141308
0.000136968
0.000132823
0.000128863
0.000125075
0.000121451
0.000117981
0.000114656
0.000111469
0.000108411
0.000105478
0.00010266
9.99563e-05
2.5691
0.712284
0.269089
0.12668
0.0696097
0.0426951
0.0283674
0.0200075
0.0147715
0.0113039
0.00890224
0.00717681
0.00589912
0.00492859
0.00417527
0.00357957
0.00310087
0.00271072
0.00238878
0.00212016
0.00189381
0.00170138
0.00153648
0.00139414
0.00127045
0.00116232
0.00106726
0.000983264
0.000908694
0.000842195
0.000782658
0.000729142
0.000680877
0.000637194
0.000597541
0.000561435
0.000528474
0.000498298
0.000470611
0.000445143
0.000421669
0.000399983
0.000379913
0.0003613
0.00034401
0.000327918
0.000312921
0.000298918
0.000285827
0.000273567
0.000262075
0.000251283
0.00024114
0.000231592
0.000222596
0.000214108
0.000206094
0.000198516
0.000191346
0.000184554
0.000178114
0.000172002
0.000166198
0.000160679
0.000155429
0.00015043
0.000145667
0.000141124
0.000136789
0.000132649
0.000128692
0.000124909
0.000121288
0.000117823
0.000114501
0.000111318
0.000108263
0.000105333
0.000102519
9.98183e-05
2.5691
0.712193
0.269011
0.126643
0.0695905
0.0426804
0.0283543
0.0199959
0.0147617
0.0112957
0.00889535
0.00717104
0.00589423
0.00492441
0.00417166
0.00357642
0.00309811
0.00270828
0.0023866
0.0021182
0.00189205
0.00169979
0.00153503
0.00139281
0.00126923
0.00116119
0.00106622
0.000982303
0.000907799
0.000841362
0.000781878
0.000728414
0.000680192
0.000636551
0.000596935
0.000560864
0.000527932
0.000497786
0.000470125
0.000444682
0.000421229
0.000399565
0.000379514
0.000360919
0.000343645
0.00032757
0.000312586
0.000298598
0.000285519
0.000273272
0.00026179
0.000251009
0.000240875
0.000231337
0.000222349
0.000213871
0.000205864
0.000198294
0.000191131
0.000184346
0.000177912
0.000171807
0.000166008
0.000160495
0.00015525
0.000150256
0.000145497
0.00014096
0.000136628
0.000132493
0.00012854
0.000124761
0.000121144
0.000117682
0.000114363
0.000111184
0.000108133
0.000105206
0.000102395
9.96973e-05
2.56909
0.712127
0.268917
0.126567
0.0695399
0.0426483
0.0283333
0.0199815
0.0147512
0.0112876
0.00888893
0.00716577
0.00588981
0.00492064
0.0041684
0.00357359
0.00309561
0.00270607
0.00238463
0.00211644
0.00189045
0.00169834
0.00153371
0.00139161
0.00126813
0.00116018
0.00106528
0.000981434
0.000906991
0.00084061
0.000781175
0.000727757
0.000679575
0.000635971
0.000596387
0.000560348
0.000527444
0.000497325
0.000469686
0.000444266
0.000420833
0.000399188
0.000379154
0.000360576
0.000343317
0.000327257
0.000312286
0.00029831
0.000285242
0.000273007
0.000261534
0.000250764
0.000240638
0.000231109
0.000222129
0.000213659
0.000205658
0.000198096
0.000190939
0.00018416
0.000177732
0.000171632
0.000165838
0.000160331
0.00015509
0.000150101
0.000145346
0.000140813
0.000136485
0.000132354
0.000128405
0.00012463
0.000121016
0.000117557
0.000114242
0.000111065
0.000108017
0.000105094
0.000102285
9.95903e-05
2.56908
0.7121
0.268862
0.12651
0.069497
0.0426195
0.0283143
0.0199685
0.0147418
0.0112805
0.00888324
0.0071611
0.00588588
0.00491729
0.0041655
0.00357105
0.00309338
0.00270409
0.00238286
0.00211485
0.00188902
0.00169705
0.00153254
0.00139053
0.00126714
0.00115927
0.00106444
0.000980655
0.000906267
0.000839936
0.000780545
0.000727167
0.000679021
0.000635451
0.000595897
0.000559886
0.000527007
0.000496911
0.000469294
0.000443894
0.000420479
0.000398851
0.000378832
0.00036027
0.000343024
0.000326976
0.000312017
0.000298052
0.000284995
0.000272769
0.000261306
0.000250544
0.000240427
0.000230906
0.000221933
0.000213469
0.000205475
0.000197919
0.000190768
0.000183994
0.000177571
0.000171477
0.000165688
0.000160185
0.000154949
0.000149964
0.000145213
0.000140683
0.000136359
0.000132231
0.000128285
0.000124513
0.000120902
0.000117447
0.000114134
0.000110961
0.000107915
0.000104994
0.000102189
9.9496e-05
2.56907
0.712082
0.268836
0.126479
0.0694698
0.0425994
0.0283002
0.0199584
0.0147342
0.0112745
0.00887835
0.00715702
0.00588243
0.00491432
0.00416293
0.00356881
0.0030914
0.00270234
0.0023813
0.00211345
0.00188775
0.0016959
0.00153149
0.00138957
0.00126626
0.00115846
0.00106369
0.00097996
0.000905621
0.000839334
0.000779983
0.000726641
0.000678528
0.000634988
0.000595461
0.000559474
0.000526617
0.000496543
0.000468945
0.000443562
0.000420164
0.000398551
0.000378547
0.000359997
0.000342763
0.000326727
0.000311779
0.000297824
0.000284775
0.000272559
0.000261104
0.00025035
0.00024024
0.000230725
0.000221759
0.000213301
0.000205313
0.000197763
0.000190616
0.000183848
0.00017743
0.00017134
0.000165555
0.000160056
0.000154824
0.000149843
0.000145095
0.000140569
0.000136248
0.000132123
0.00012818
0.000124411
0.000120803
0.000117349
0.00011404
0.000110869
0.000107826
0.000104907
0.000102104
9.94132e-05
2.56907
0.712062
0.268818
0.126464
0.0694571
0.0425887
0.0282913
0.0199511
0.0147282
0.0112695
0.00887418
0.00715349
0.00587942
0.00491173
0.00416068
0.00356684
0.00308966
0.00270079
0.00237991
0.0021122
0.00188663
0.00169488
0.00153056
0.00138872
0.00126548
0.00115774
0.00106303
0.000979346
0.000905051
0.000838803
0.000779487
0.000726177
0.000678092
0.000634578
0.000595075
0.00055911
0.000526274
0.000496218
0.000468637
0.00044327
0.000419886
0.000398287
0.000378295
0.000359756
0.000342534
0.000326507
0.000311568
0.000297622
0.000284582
0.000272374
0.000260926
0.000250179
0.000240075
0.000230567
0.000221606
0.000213154
0.000205171
0.000197625
0.000190483
0.00018372
0.000177305
0.00017122
0.000165438
0.000159943
0.000154714
0.000149736
0.000144991
0.000140468
0.00013615
0.000132028
0.000128088
0.000124321
0.000120715
0.000117265
0.000113957
0.000110788
0.000107748
0.000104831
0.00010203
9.93408e-05
2.56907
0.712046
0.268799
0.126451
0.0694476
0.0425807
0.0282844
0.0199451
0.0147231
0.0112653
0.0088706
0.00715046
0.00587682
0.00490948
0.00415872
0.00356512
0.00308815
0.00269945
0.00237871
0.00211112
0.00188566
0.00169399
0.00152975
0.00138798
0.0012648
0.00115712
0.00106245
0.00097881
0.000904553
0.000838339
0.000779053
0.000725771
0.000677711
0.00063422
0.000594738
0.000558792
0.000525974
0.000495934
0.000468368
0.000443014
0.000419643
0.000398056
0.000378074
0.000359546
0.000342333
0.000326316
0.000311385
0.000297447
0.000284414
0.000272212
0.00026077
0.000250029
0.000239931
0.000230428
0.000221473
0.000213025
0.000205047
0.000197505
0.000190368
0.000183608
0.000177197
0.000171115
0.000165337
0.000159845
0.000154619
0.000149644
0.000144902
0.000140381
0.000136066
0.000131946
0.000128008
0.000124243
0.00012064
0.000117191
0.000113886
0.000110719
0.00010768
0.000104766
0.000101966
9.92783e-05
2.56906
0.712035
0.268782
0.126435
0.0694349
0.0425713
0.0282772
0.0199395
0.0147186
0.0112616
0.00886753
0.00714786
0.0058746
0.00490757
0.00415706
0.00356366
0.00308685
0.00269829
0.00237768
0.0021102
0.00188482
0.00169323
0.00152906
0.00138735
0.00126422
0.00115658
0.00106196
0.00097835
0.000904125
0.00083794
0.000778681
0.000725422
0.000677384
0.000633913
0.000594449
0.000558519
0.000525716
0.000495689
0.000468136
0.000442795
0.000419435
0.000397857
0.000377885
0.000359366
0.000342161
0.000326151
0.000311228
0.000297296
0.000284269
0.000272073
0.000260637
0.000249901
0.000239808
0.00023031
0.000221359
0.000212915
0.000204941
0.000197403
0.000190269
0.000183512
0.000177105
0.000171025
0.00016525
0.000159761
0.000154537
0.000149565
0.000144825
0.000140307
0.000135994
0.000131876
0.00012794
0.000124177
0.000120576
0.000117129
0.000113825
0.00011066
0.000107623
0.00010471
0.000101911
9.92249e-05
2.56906
0.712027
0.26877
0.126422
0.0694248
0.0425635
0.0282713
0.0199349
0.0147149
0.0112586
0.008865
0.00714572
0.00587277
0.00490598
0.00415567
0.00356244
0.00308578
0.00269733
0.00237682
0.00210942
0.00188412
0.00169259
0.00152848
0.00138682
0.00126373
0.00115613
0.00106154
0.000977964
0.000903766
0.000837605
0.000778369
0.00072513
0.00067711
0.000633655
0.000594207
0.000558291
0.0005255
0.000495485
0.000467943
0.000442611
0.00041926
0.000397691
0.000377727
0.000359215
0.000342017
0.000326013
0.000311096
0.00029717
0.000284149
0.000271957
0.000260526
0.000249794
0.000239705
0.000230211
0.000221263
0.000212823
0.000204852
0.000197317
0.000190186
0.000183432
0.000177028
0.00017095
0.000165178
0.000159691
0.000154469
0.000149499
0.000144761
0.000140245
0.000135934
0.000131817
0.000127883
0.000124122
0.000120522
0.000117077
0.000113775
0.000110611
0.000107575
0.000104663
0.000101866
9.91805e-05
2.56906
0.712023
0.268764
0.126417
0.0694202
0.0425594
0.0282676
0.0199317
0.0147122
0.0112563
0.00886306
0.00714405
0.00587133
0.00490473
0.00415458
0.00356148
0.00308492
0.00269657
0.00237614
0.00210881
0.00188356
0.00169209
0.00152802
0.0013864
0.00126334
0.00115577
0.00106121
0.000977658
0.000903482
0.00083734
0.000778121
0.000724898
0.000676893
0.000633451
0.000594014
0.000558109
0.000525328
0.000495323
0.000467789
0.000442465
0.000419122
0.000397559
0.000377602
0.000359095
0.000341903
0.000325904
0.000310991
0.00029707
0.000284053
0.000271865
0.000260438
0.000249709
0.000239624
0.000230132
0.000221188
0.00021275
0.000204782
0.000197249
0.000190121
0.000183369
0.000176966
0.000170891
0.00016512
0.000159635
0.000154416
0.000149447
0.000144711
0.000140196
0.000135886
0.000131771
0.000127838
0.000124078
0.00012048
0.000117035
0.000113735
0.000110572
0.000107537
0.000104626
0.00010183
9.91454e-05
2.56907
0.712021
0.268763
0.126414
0.0694169
0.0425564
0.0282651
0.0199295
0.0147104
0.0112547
0.00886171
0.0071429
0.00587033
0.00490386
0.00415382
0.00356081
0.00308433
0.00269604
0.00237567
0.00210838
0.00188318
0.00169174
0.0015277
0.0013861
0.00126307
0.00115552
0.00106098
0.000977444
0.000903284
0.000837156
0.000777949
0.000724737
0.000676742
0.000633308
0.00059388
0.000557983
0.000525209
0.00049521
0.000467682
0.000442364
0.000419025
0.000397468
0.000377514
0.000359012
0.000341823
0.000325828
0.000310919
0.000297
0.000283986
0.000271801
0.000260376
0.00024965
0.000239567
0.000230077
0.000221135
0.0002127
0.000204733
0.000197202
0.000190075
0.000183325
0.000176924
0.00017085
0.00016508
0.000159596
0.000154378
0.00014941
0.000144676
0.000140162
0.000135853
0.000131739
0.000127807
0.000124048
0.00012045
0.000117007
0.000113707
0.000110545
0.000107511
0.000104601
0.000101805
9.91211e-05
2.56906
0.712022
0.268751
0.126392
0.0693975
0.0425441
0.0282584
0.0199262
0.0147087
0.0112537
0.00886107
0.00714242
0.00586993
0.00490352
0.00415352
0.00356054
0.00308409
0.00269583
0.00237547
0.0021082
0.00188301
0.00169159
0.00152756
0.00138597
0.00126295
0.00115541
0.00106088
0.00097735
0.000903195
0.000837073
0.000777871
0.000724664
0.000676673
0.000633244
0.000593819
0.000557925
0.000525154
0.000495158
0.000467633
0.000442317
0.000418981
0.000397425
0.000377474
0.000358973
0.000341786
0.000325793
0.000310885
0.000296967
0.000283955
0.000271771
0.000260347
0.000249622
0.00023954
0.000230052
0.00022111
0.000212676
0.00020471
0.00019718
0.000190053
0.000183304
0.000176903
0.00017083
0.000165061
0.000159578
0.00015436
0.000149393
0.000144659
0.000140145
0.000135837
0.000131724
0.000127792
0.000124034
0.000120436
0.000116993
0.000113693
0.000110532
0.000107498
0.000104588
0.000101793
9.91092e-05
0.160474
0.150274
0.141732
0.134601
0.128516
0.123491
0.119351
0.115958
0.113259
0.111176
0.109623
0.108545
0.10788
0.107563
0.107651
0.107858
0.10836
0.109065
0.109947
0.11097
0.112124
0.113389
0.11474
0.11616
0.117628
0.119129
0.120652
0.122182
0.123727
0.125266
0.126799
0.128331
0.12987
0.131421
0.132992
0.134596
0.136249
0.137972
0.139797
0.14176
0.143915
0.146329
0.149101
0.152353
0.156265
0.161037
0.166983
0.17441
0.183852
0.195898
0.211539
0.232623
0.257425
0.294814
0.356843
0.0693049
0.0692791
0.0692907
0.0693201
0.0693476
0.0693936
0.0694625
0.0695545
0.0696758
0.0698317
0.0700281
0.0702688
0.0705588
0.0708998
0.071296
0.0717458
0.0722494
0.0728055
0.073411
0.074063
0.0747566
0.0754889
0.0762537
0.0770486
0.0778666
0.0787072
0.0795637
0.0804399
0.0813295
0.0822463
0.0831911
0.0841651
0.0851719
0.0862148
0.0872989
0.0884317
0.089625
0.0908913
0.0922505
0.0937225
0.0953414
0.0971376
0.0991706
0.101483
0.104169
0.107283
0.110986
0.115315
0.120616
0.126775
0.134608
0.143658
0.15609
0.169833
0.192744
0.0387167
0.0387596
0.038824
0.0389103
0.0390123
0.0391277
0.0392547
0.0393913
0.0395358
0.0396868
0.0398431
0.0400038
0.0401684
0.0403365
0.0405081
0.040683
0.0408612
0.0410431
0.0412289
0.0414193
0.0416146
0.0418156
0.0420228
0.0422371
0.0424592
0.0426901
0.042931
0.0431832
0.0434481
0.0437275
0.0440232
0.0443379
0.0446739
0.0450351
0.0454264
0.045852
0.0463182
0.0468303
0.0473983
0.048029
0.0487384
0.049534
0.0504427
0.0514691
0.0526663
0.0540172
0.0556222
0.0574112
0.059589
0.0619509
0.0649272
0.0680239
0.0719772
0.0765949
0.0830339
0.0256361
0.0256738
0.0257169
0.0257652
0.0258174
0.0258726
0.0259305
0.0259903
0.0260513
0.026113
0.0261747
0.0262358
0.026296
0.0263549
0.0264122
0.0264676
0.0265211
0.0265724
0.0266217
0.0266692
0.0267148
0.026759
0.0268021
0.0268446
0.0268869
0.0269297
0.0269737
0.0270197
0.0270686
0.0271214
0.0271791
0.0272429
0.0273143
0.0273947
0.0274859
0.0275898
0.0277091
0.0278458
0.0280037
0.0281851
0.0283959
0.0286375
0.0289196
0.0292407
0.0296179
0.0300412
0.0305438
0.0310933
0.0317586
0.0324537
0.0333272
0.0341794
0.0352868
0.0364265
0.0380277
0.0184016
0.0184186
0.0184376
0.0184585
0.0184814
0.018506
0.018532
0.0185592
0.0185873
0.0186158
0.0186444
0.0186729
0.0187009
0.0187282
0.0187545
0.0187796
0.0188034
0.0188258
0.0188467
0.0188661
0.018884
0.0189006
0.0189159
0.01893
0.0189434
0.0189561
0.0189685
0.018981
0.018994
0.0190079
0.0190233
0.0190406
0.0190604
0.0190836
0.0191107
0.0191425
0.0191801
0.0192243
0.0192762
0.0193368
0.0194076
0.0194894
0.0195842
0.0196921
0.0198166
0.0199554
0.0201154
0.0202883
0.0204897
0.0206965
0.0209456
0.0211795
0.0214803
0.0217472
0.0221494
0.0137407
0.0137537
0.0137676
0.0137821
0.0137973
0.0138129
0.013829
0.0138453
0.0138617
0.013878
0.0138942
0.01391
0.0139253
0.0139401
0.0139543
0.0139677
0.0139803
0.0139922
0.0140032
0.0140135
0.014023
0.0140318
0.0140399
0.0140475
0.0140547
0.0140616
0.0140684
0.0140752
0.0140823
0.0140899
0.0140982
0.0141075
0.0141181
0.0141302
0.0141441
0.0141603
0.014179
0.0142007
0.0142256
0.0142542
0.0142868
0.0143237
0.0143653
0.0144117
0.0144635
0.0145201
0.0145828
0.0146492
0.0147229
0.0147969
0.0148816
0.0149578
0.0150549
0.0151226
0.0152365
0.0104049
0.0104136
0.0104228
0.0104321
0.0104416
0.0104512
0.0104611
0.0104711
0.0104811
0.0104911
0.010501
0.0105108
0.0105205
0.0105299
0.0105391
0.0105479
0.0105565
0.0105648
0.0105727
0.0105803
0.0105876
0.0105946
0.0106014
0.010608
0.0106144
0.0106209
0.0106273
0.0106339
0.0106406
0.0106477
0.0106552
0.0106633
0.010672
0.0106816
0.0106921
0.0107037
0.0107165
0.0107307
0.0107464
0.0107636
0.0107825
0.0108032
0.0108257
0.01085
0.0108761
0.0109039
0.0109334
0.010964
0.0109962
0.0110285
0.0110623
0.0110944
0.0111282
0.0111584
0.0111879
0.0077997
0.0078064
0.00781326
0.00782024
0.00782734
0.00783454
0.00784182
0.00784915
0.00785652
0.0078639
0.00787125
0.00787856
0.0078858
0.00789294
0.00789998
0.0079069
0.00791368
0.00792033
0.00792684
0.00793323
0.00793949
0.00794565
0.00795173
0.00795774
0.00796373
0.00796973
0.00797578
0.00798192
0.00798821
0.00799468
0.0080014
0.00800842
0.00801579
0.00802357
0.00803183
0.0080406
0.00804994
0.0080599
0.00807051
0.00808179
0.00809377
0.00810645
0.00811982
0.00813383
0.00814845
0.00816357
0.00817914
0.00819497
0.008211
0.00822689
0.00824265
0.00825787
0.0082723
0.00828625
0.00829802
0.00562783
0.00563363
0.00563951
0.00564544
0.00565141
0.00565744
0.0056635
0.00566959
0.0056757
0.00568181
0.00568793
0.00569404
0.00570014
0.00570621
0.00571225
0.00571825
0.00572422
0.00573014
0.00573603
0.00574188
0.0057477
0.0057535
0.00575928
0.00576506
0.00577085
0.00577666
0.00578252
0.00578844
0.00579443
0.00580053
0.00580676
0.00581313
0.00581966
0.00582639
0.00583331
0.00584047
0.00584786
0.00585549
0.00586338
0.00587153
0.00587993
0.00588856
0.00589741
0.00590645
0.00591563
0.00592492
0.00593425
0.00594355
0.00595276
0.00596175
0.00597048
0.00597877
0.00598672
0.00599318
0.00600413
0.00375517
0.00376043
0.00376574
0.00377107
0.00377644
0.00378184
0.00378726
0.00379271
0.00379818
0.00380366
0.00380916
0.00381466
0.00382018
0.00382569
0.00383121
0.00383672
0.00384223
0.00384773
0.00385323
0.00385872
0.00386421
0.0038697
0.00387519
0.00388069
0.0038862
0.00389172
0.00389726
0.00390283
0.00390844
0.00391408
0.00391978
0.00392553
0.00393135
0.00393723
0.00394318
0.00394922
0.00395533
0.00396152
0.00396779
0.00397413
0.00398054
0.003987
0.00399351
0.00400003
0.00400658
0.00401307
0.00401957
0.0040259
0.00403224
0.00403823
0.0040443
0.00404972
0.00405552
0.00405953
0.00406808
0.00216159
0.00216615
0.00217074
0.00217535
0.00217999
0.00218464
0.00218931
0.00219401
0.00219872
0.00220344
0.00220819
0.00221294
0.00221771
0.00222249
0.00222728
0.00223208
0.00223689
0.00224171
0.00224653
0.00225136
0.0022562
0.00226104
0.0022659
0.00227075
0.00227562
0.0022805
0.00228538
0.00229028
0.0022952
0.00230013
0.00230507
0.00231004
0.00231502
0.00232002
0.00232505
0.00233009
0.00233516
0.00234024
0.00234534
0.00235043
0.00235556
0.00236065
0.00236578
0.00237084
0.00237594
0.00238092
0.00238597
0.00239078
0.00239576
0.00240031
0.00240522
0.00240934
0.00241432
0.00241727
0.00242497
0.000959053
0.000962143
0.000965251
0.000968376
0.000971517
0.000974675
0.000977849
0.000981039
0.000984244
0.000987466
0.000990702
0.000993953
0.000997218
0.0010005
0.00100379
0.0010071
0.00101041
0.00101374
0.00101708
0.00102043
0.0010238
0.00102717
0.00103055
0.00103394
0.00103734
0.00104075
0.00104417
0.00104759
0.00105103
0.00105447
0.00105793
0.00106138
0.00106486
0.00106833
0.00107181
0.0010753
0.0010788
0.00108229
0.0010858
0.00108929
0.00109281
0.00109627
0.0010998
0.00110322
0.00110675
0.00111011
0.00111363
0.00111688
0.00112042
0.0011235
0.00112709
0.00112988
0.00113361
0.00113601
0.00113958
0.000325538
0.000326688
0.000327846
0.000329014
0.00033019
0.000331376
0.00033257
0.000333774
0.000334987
0.000336209
0.000337441
0.000338681
0.00033993
0.000341189
0.000342456
0.000343731
0.000345016
0.000346308
0.000347608
0.000348916
0.000350232
0.000351555
0.000352885
0.000354221
0.000355566
0.000356915
0.000358273
0.000359634
0.000361005
0.000362378
0.000363761
0.000365144
0.00036654
0.000367933
0.000369339
0.00037074
0.000372157
0.000373563
0.00037499
0.000376398
0.000377832
0.000379237
0.000380678
0.000382075
0.00038352
0.000384902
0.000386348
0.000387706
0.000389154
0.000390475
0.000391925
0.000393196
0.000394643
0.000395886
0.000397138
0.000136972
0.000137132
0.000137296
0.000137461
0.000137629
0.000137799
0.000137972
0.000138148
0.000138326
0.000138508
0.000138692
0.000138878
0.000139068
0.00013926
0.000139456
0.000139653
0.000139854
0.000140056
0.000140261
0.000140469
0.000140679
0.00014089
0.000141104
0.00014132
0.000141538
0.000141757
0.00014198
0.000142202
0.000142429
0.000142655
0.000142885
0.000143115
0.000143349
0.000143581
0.000143819
0.000144054
0.000144296
0.000144532
0.000144777
0.000145015
0.000145264
0.000145502
0.000145753
0.00014599
0.000146244
0.000146479
0.000146735
0.000146965
0.000147223
0.000147447
0.000147705
0.000147922
0.000148179
0.000148393
0.000148618
0.000103665
0.000103599
0.000103533
0.000103467
0.000103402
0.000103337
0.000103273
0.00010321
0.000103147
0.000103085
0.000103023
0.000102962
0.000102901
0.000102841
0.000102782
0.000102723
0.000102665
0.000102607
0.000102549
0.000102493
0.000102436
0.00010238
0.000102325
0.00010227
0.000102215
0.000102161
0.000102108
0.000102054
0.000102002
0.000101949
0.000101897
0.000101846
0.000101795
0.000101744
0.000101694
0.000101644
0.000101595
0.000101545
0.000101497
0.000101448
0.0001014
0.000101352
0.000101305
0.000101257
0.00010121
0.000101163
0.000101117
0.00010107
0.000101023
0.000100977
0.000100929
0.000100882
0.00010084
0.00010077
0.000100745
9.93688e-05
9.92703e-05
9.91721e-05
9.90741e-05
9.89763e-05
9.88787e-05
9.87814e-05
9.86842e-05
9.85873e-05
9.84906e-05
9.83941e-05
9.82978e-05
9.82017e-05
9.81059e-05
9.80103e-05
9.79148e-05
9.78197e-05
9.77247e-05
9.76299e-05
9.75354e-05
9.74411e-05
9.73469e-05
9.7253e-05
9.71593e-05
9.70659e-05
9.69725e-05
9.68795e-05
9.67866e-05
9.66941e-05
9.66015e-05
9.65094e-05
9.64172e-05
9.63256e-05
9.62338e-05
9.61427e-05
9.60512e-05
9.59606e-05
9.58694e-05
9.57793e-05
9.56884e-05
9.55989e-05
9.55082e-05
9.54192e-05
9.53288e-05
9.52404e-05
9.51502e-05
9.50623e-05
9.49723e-05
9.4885e-05
9.4795e-05
9.47085e-05
9.46184e-05
9.45328e-05
9.44419e-05
9.43641e-05
9.87922e-05
9.86905e-05
9.8589e-05
9.84877e-05
9.83865e-05
9.82855e-05
9.81847e-05
9.80841e-05
9.79836e-05
9.78833e-05
9.77832e-05
9.76833e-05
9.75836e-05
9.74839e-05
9.73846e-05
9.72853e-05
9.71863e-05
9.70874e-05
9.69888e-05
9.68902e-05
9.67919e-05
9.66937e-05
9.65958e-05
9.64979e-05
9.64004e-05
9.63028e-05
9.62057e-05
9.61085e-05
9.60118e-05
9.59148e-05
9.58185e-05
9.57218e-05
9.5626e-05
9.55296e-05
9.54342e-05
9.5338e-05
9.52431e-05
9.51472e-05
9.50527e-05
9.4957e-05
9.48631e-05
9.47675e-05
9.46742e-05
9.45787e-05
9.4486e-05
9.43905e-05
9.42985e-05
9.4203e-05
9.41118e-05
9.40161e-05
9.39258e-05
9.38298e-05
9.37405e-05
9.36441e-05
9.35597e-05
9.86072e-05
9.85053e-05
9.84036e-05
9.83021e-05
9.82007e-05
9.80995e-05
9.79985e-05
9.78976e-05
9.77969e-05
9.76964e-05
9.7596e-05
9.74958e-05
9.73958e-05
9.72959e-05
9.71963e-05
9.70967e-05
9.69974e-05
9.68982e-05
9.67992e-05
9.67003e-05
9.66017e-05
9.65031e-05
9.64049e-05
9.63066e-05
9.62088e-05
9.61107e-05
9.60133e-05
9.59155e-05
9.58185e-05
9.5721e-05
9.56244e-05
9.55271e-05
9.5431e-05
9.53339e-05
9.52382e-05
9.51413e-05
9.50461e-05
9.49493e-05
9.48547e-05
9.4758e-05
9.4664e-05
9.45673e-05
9.4474e-05
9.43772e-05
9.42847e-05
9.41877e-05
9.40961e-05
9.39988e-05
9.39082e-05
9.38104e-05
9.3721e-05
9.36226e-05
9.35344e-05
9.34357e-05
9.33475e-05
9.84704e-05
9.83685e-05
9.82669e-05
9.81654e-05
9.80641e-05
9.79629e-05
9.7862e-05
9.77611e-05
9.76605e-05
9.756e-05
9.74597e-05
9.73595e-05
9.72596e-05
9.71597e-05
9.70601e-05
9.69605e-05
9.68612e-05
9.67619e-05
9.6663e-05
9.65641e-05
9.64655e-05
9.63668e-05
9.62686e-05
9.61702e-05
9.60724e-05
9.59743e-05
9.58768e-05
9.5779e-05
9.56819e-05
9.55843e-05
9.54876e-05
9.53903e-05
9.5294e-05
9.51969e-05
9.51011e-05
9.50041e-05
9.49087e-05
9.48119e-05
9.47171e-05
9.46203e-05
9.4526e-05
9.44293e-05
9.43357e-05
9.42389e-05
9.4146e-05
9.40491e-05
9.3957e-05
9.38598e-05
9.37687e-05
9.3671e-05
9.3581e-05
9.34828e-05
9.3394e-05
9.32953e-05
9.32072e-05
9.83506e-05
9.82488e-05
9.81473e-05
9.80459e-05
9.79447e-05
9.78435e-05
9.77427e-05
9.76419e-05
9.75413e-05
9.74409e-05
9.73406e-05
9.72405e-05
9.71406e-05
9.70407e-05
9.69412e-05
9.68416e-05
9.67424e-05
9.66431e-05
9.65442e-05
9.64453e-05
9.63467e-05
9.62481e-05
9.61499e-05
9.60515e-05
9.59537e-05
9.58556e-05
9.57581e-05
9.56602e-05
9.55631e-05
9.54655e-05
9.53688e-05
9.52714e-05
9.51751e-05
9.5078e-05
9.4982e-05
9.48851e-05
9.47896e-05
9.46928e-05
9.45978e-05
9.4501e-05
9.44066e-05
9.43099e-05
9.4216e-05
9.41193e-05
9.40261e-05
9.39293e-05
9.38369e-05
9.37398e-05
9.36483e-05
9.35508e-05
9.34603e-05
9.33624e-05
9.3273e-05
9.31745e-05
9.30864e-05
9.82446e-05
9.81429e-05
9.80414e-05
9.79401e-05
9.78389e-05
9.77379e-05
9.76371e-05
9.75363e-05
9.74358e-05
9.73354e-05
9.72353e-05
9.71351e-05
9.70353e-05
9.69355e-05
9.6836e-05
9.67364e-05
9.66372e-05
9.6538e-05
9.64392e-05
9.63403e-05
9.62417e-05
9.61431e-05
9.60449e-05
9.59466e-05
9.58487e-05
9.57506e-05
9.56532e-05
9.55553e-05
9.54582e-05
9.53606e-05
9.52639e-05
9.51665e-05
9.50702e-05
9.4973e-05
9.48771e-05
9.47801e-05
9.46846e-05
9.45877e-05
9.44927e-05
9.4396e-05
9.43015e-05
9.42048e-05
9.41109e-05
9.40141e-05
9.39209e-05
9.3824e-05
9.37315e-05
9.36344e-05
9.35428e-05
9.34453e-05
9.33547e-05
9.32567e-05
9.31673e-05
9.30687e-05
9.29807e-05
9.81511e-05
9.80495e-05
9.79481e-05
9.78468e-05
9.77457e-05
9.76447e-05
9.75439e-05
9.74432e-05
9.73428e-05
9.72424e-05
9.71423e-05
9.70422e-05
9.69424e-05
9.68427e-05
9.67432e-05
9.66437e-05
9.65445e-05
9.64454e-05
9.63465e-05
9.62477e-05
9.61492e-05
9.60506e-05
9.59524e-05
9.58541e-05
9.57562e-05
9.56582e-05
9.55607e-05
9.54629e-05
9.53658e-05
9.52682e-05
9.51715e-05
9.50741e-05
9.49778e-05
9.48806e-05
9.47847e-05
9.46877e-05
9.45922e-05
9.44954e-05
9.44004e-05
9.43036e-05
9.42091e-05
9.41123e-05
9.40185e-05
9.39217e-05
9.38285e-05
9.37315e-05
9.36391e-05
9.35419e-05
9.34503e-05
9.33528e-05
9.32622e-05
9.31641e-05
9.30748e-05
9.2976e-05
9.28882e-05
9.8069e-05
9.79675e-05
9.78661e-05
9.77648e-05
9.76638e-05
9.75629e-05
9.74621e-05
9.73615e-05
9.72611e-05
9.71608e-05
9.70607e-05
9.69607e-05
9.68609e-05
9.67612e-05
9.66617e-05
9.65623e-05
9.64632e-05
9.63641e-05
9.62653e-05
9.61664e-05
9.60679e-05
9.59694e-05
9.58712e-05
9.57729e-05
9.56752e-05
9.55771e-05
9.54797e-05
9.53819e-05
9.52848e-05
9.51873e-05
9.50906e-05
9.49932e-05
9.48969e-05
9.47998e-05
9.47038e-05
9.46069e-05
9.45114e-05
9.44145e-05
9.43196e-05
9.42228e-05
9.41283e-05
9.40316e-05
9.39377e-05
9.38409e-05
9.37477e-05
9.36508e-05
9.35583e-05
9.34612e-05
9.33696e-05
9.32721e-05
9.31815e-05
9.30835e-05
9.29941e-05
9.28953e-05
9.28074e-05
9.79973e-05
9.78958e-05
9.77945e-05
9.76933e-05
9.75923e-05
9.74914e-05
9.73908e-05
9.72902e-05
9.71898e-05
9.70895e-05
9.69895e-05
9.68895e-05
9.67898e-05
9.66901e-05
9.65907e-05
9.64913e-05
9.63922e-05
9.62931e-05
9.61944e-05
9.60955e-05
9.59971e-05
9.58986e-05
9.58005e-05
9.57022e-05
9.56045e-05
9.55064e-05
9.5409e-05
9.53113e-05
9.52142e-05
9.51167e-05
9.502e-05
9.49227e-05
9.48264e-05
9.47293e-05
9.46334e-05
9.45365e-05
9.4441e-05
9.43442e-05
9.42492e-05
9.41525e-05
9.4058e-05
9.39613e-05
9.38675e-05
9.37707e-05
9.36775e-05
9.35806e-05
9.34882e-05
9.3391e-05
9.32995e-05
9.32019e-05
9.31114e-05
9.30133e-05
9.29241e-05
9.28252e-05
9.27374e-05
9.79353e-05
9.78339e-05
9.77326e-05
9.76315e-05
9.75305e-05
9.74297e-05
9.7329e-05
9.72285e-05
9.71282e-05
9.70279e-05
9.69279e-05
9.6828e-05
9.67283e-05
9.66286e-05
9.65293e-05
9.64299e-05
9.63309e-05
9.62318e-05
9.61331e-05
9.60343e-05
9.59359e-05
9.58374e-05
9.57393e-05
9.56411e-05
9.55434e-05
9.54454e-05
9.5348e-05
9.52503e-05
9.51532e-05
9.50558e-05
9.49591e-05
9.48618e-05
9.47656e-05
9.46685e-05
9.45726e-05
9.44757e-05
9.43803e-05
9.42835e-05
9.41885e-05
9.40918e-05
9.39974e-05
9.39007e-05
9.38069e-05
9.37102e-05
9.36169e-05
9.35201e-05
9.34277e-05
9.33306e-05
9.3239e-05
9.31416e-05
9.3051e-05
9.29531e-05
9.28636e-05
9.2765e-05
9.2677e-05
9.78825e-05
9.7781e-05
9.76798e-05
9.75787e-05
9.74778e-05
9.7377e-05
9.72764e-05
9.71759e-05
9.70756e-05
9.69754e-05
9.68754e-05
9.67755e-05
9.66758e-05
9.65762e-05
9.64769e-05
9.63776e-05
9.62786e-05
9.61795e-05
9.60808e-05
9.59821e-05
9.58837e-05
9.57852e-05
9.56872e-05
9.5589e-05
9.54913e-05
9.53934e-05
9.5296e-05
9.51983e-05
9.51013e-05
9.50039e-05
9.49072e-05
9.481e-05
9.47137e-05
9.46167e-05
9.45209e-05
9.4424e-05
9.43286e-05
9.42318e-05
9.41369e-05
9.40402e-05
9.39458e-05
9.38491e-05
9.37553e-05
9.36586e-05
9.35655e-05
9.34686e-05
9.33762e-05
9.32792e-05
9.31877e-05
9.30902e-05
9.29997e-05
9.29017e-05
9.28124e-05
9.27137e-05
9.26259e-05
9.78385e-05
9.77371e-05
9.76359e-05
9.75348e-05
9.7434e-05
9.73332e-05
9.72326e-05
9.71321e-05
9.70319e-05
9.69317e-05
9.68318e-05
9.67319e-05
9.66323e-05
9.65327e-05
9.64334e-05
9.63341e-05
9.62351e-05
9.61361e-05
9.60374e-05
9.59387e-05
9.58404e-05
9.57419e-05
9.56439e-05
9.55458e-05
9.54481e-05
9.53502e-05
9.52528e-05
9.51552e-05
9.50582e-05
9.49608e-05
9.48642e-05
9.47669e-05
9.46707e-05
9.45737e-05
9.44779e-05
9.4381e-05
9.42857e-05
9.41889e-05
9.4094e-05
9.39974e-05
9.3903e-05
9.38064e-05
9.37126e-05
9.36159e-05
9.35228e-05
9.3426e-05
9.33336e-05
9.32366e-05
9.31451e-05
9.30476e-05
9.29572e-05
9.28592e-05
9.27699e-05
9.26712e-05
9.25834e-05
9.78038e-05
9.77024e-05
9.76012e-05
9.75002e-05
9.73993e-05
9.72986e-05
9.7198e-05
9.70976e-05
9.69974e-05
9.68972e-05
9.67973e-05
9.66975e-05
9.65978e-05
9.64983e-05
9.6399e-05
9.62997e-05
9.62008e-05
9.61018e-05
9.60031e-05
9.59045e-05
9.58061e-05
9.57077e-05
9.56097e-05
9.55116e-05
9.54139e-05
9.5316e-05
9.52187e-05
9.51211e-05
9.50241e-05
9.49267e-05
9.48301e-05
9.4733e-05
9.46367e-05
9.45398e-05
9.4444e-05
9.43471e-05
9.42518e-05
9.41551e-05
9.40602e-05
9.39636e-05
9.38692e-05
9.37726e-05
9.36788e-05
9.35822e-05
9.3489e-05
9.33924e-05
9.32999e-05
9.3203e-05
9.31113e-05
9.30141e-05
9.29235e-05
9.28258e-05
9.27362e-05
9.26379e-05
9.25497e-05
9.77797e-05
9.76783e-05
9.75772e-05
9.74762e-05
9.73753e-05
9.72746e-05
9.71741e-05
9.70736e-05
9.69734e-05
9.68733e-05
9.67734e-05
9.66736e-05
9.6574e-05
9.64745e-05
9.63752e-05
9.62759e-05
9.6177e-05
9.6078e-05
9.59794e-05
9.58807e-05
9.57824e-05
9.5684e-05
9.5586e-05
9.54879e-05
9.53903e-05
9.52924e-05
9.51951e-05
9.50975e-05
9.50005e-05
9.49032e-05
9.48066e-05
9.47094e-05
9.46132e-05
9.45163e-05
9.44205e-05
9.43237e-05
9.42283e-05
9.41316e-05
9.40367e-05
9.39402e-05
9.38458e-05
9.37493e-05
9.36554e-05
9.35589e-05
9.34657e-05
9.3369e-05
9.32766e-05
9.31797e-05
9.30881e-05
9.29909e-05
9.29002e-05
9.28025e-05
9.2713e-05
9.26147e-05
9.25265e-05
9.77679e-05
9.76665e-05
9.75654e-05
9.74644e-05
9.73635e-05
9.72628e-05
9.71623e-05
9.70619e-05
9.69617e-05
9.68616e-05
9.67617e-05
9.66618e-05
9.65623e-05
9.64627e-05
9.63635e-05
9.62642e-05
9.61653e-05
9.60663e-05
9.59677e-05
9.58691e-05
9.57708e-05
9.56724e-05
9.55744e-05
9.54763e-05
9.53786e-05
9.52808e-05
9.51835e-05
9.50859e-05
9.4989e-05
9.48916e-05
9.4795e-05
9.46978e-05
9.46017e-05
9.45047e-05
9.44089e-05
9.43121e-05
9.42168e-05
9.41201e-05
9.40252e-05
9.39286e-05
9.38343e-05
9.37377e-05
9.3644e-05
9.35474e-05
9.34543e-05
9.33575e-05
9.32652e-05
9.31682e-05
9.30767e-05
9.29794e-05
9.28889e-05
9.2791e-05
9.27017e-05
9.26031e-05
9.25153e-05
0.559213
0.307567
0.232972
0.205872
0.194759
0.188012
0.183596
0.180985
0.179006
0.177672
0.176382
0.175583
0.174592
0.174091
0.173223
0.172932
0.172108
0.186224
0.136037
0.111434
0.0961842
0.0865223
0.080773
0.0769373
0.0743065
0.0723547
0.0709861
0.0698557
0.069112
0.0683375
0.0679894
0.0673448
0.0672542
0.0667045
0.083482
0.0748133
0.0686991
0.0615893
0.0553326
0.0511237
0.048008
0.0457064
0.0438954
0.0425595
0.0414342
0.04063
0.0398668
0.0393818
0.0388145
0.0385826
0.0380429
0.0396596
0.041059
0.0411064
0.0404416
0.0380235
0.0359485
0.034071
0.0325372
0.0311984
0.0301662
0.0292205
0.0285338
0.0278389
0.0273886
0.0268486
0.0265741
0.026079
0.0221538
0.0229075
0.0246618
0.0255085
0.0253849
0.0250686
0.0244086
0.0237599
0.023067
0.0224953
0.0218821
0.0214345
0.0209195
0.020594
0.0201586
0.0199164
0.0195156
0.0147067
0.0148166
0.0154922
0.0163276
0.0167646
0.0170475
0.017079
0.0170358
0.0168891
0.0167175
0.0164597
0.0162666
0.0159917
0.0158181
0.0155551
0.0153924
0.015131
0.0107742
0.0106004
0.0107517
0.0110909
0.0113832
0.0116634
0.0118713
0.0120296
0.0121119
0.0121659
0.012157
0.0121442
0.0120797
0.0120351
0.0119454
0.0118713
0.0117599
0.00808429
0.00785106
0.00788242
0.00797145
0.0080731
0.00820557
0.00834958
0.00849063
0.00860869
0.00871633
0.0087986
0.00886675
0.00891337
0.00894858
0.00896936
0.0089752
0.00897168
0.00591222
0.00573633
0.00576801
0.00579217
0.00582242
0.00586616
0.00593653
0.0060108
0.00609556
0.00617405
0.0062613
0.00633093
0.00641156
0.00646594
0.00653711
0.00657553
0.00663983
0.00403117
0.00395505
0.00399219
0.00402371
0.00405739
0.00408008
0.00412564
0.0041636
0.00422196
0.00426774
0.00433651
0.00438523
0.00445906
0.00450679
0.00457999
0.00463154
0.00470696
0.00242178
0.00241977
0.00246098
0.00250398
0.00255252
0.0025814
0.00263112
0.00266454
0.00271731
0.00275254
0.00281002
0.00284745
0.00290852
0.00294825
0.00300945
0.00306056
0.0031279
0.00115767
0.00117513
0.00120881
0.00125169
0.00130449
0.00133904
0.00139108
0.00142666
0.00147902
0.00151402
0.00156699
0.00160194
0.00165539
0.00169129
0.00174319
0.00178988
0.00184776
0.000409175
0.000419345
0.00043813
0.000456649
0.000487689
0.000506122
0.000539467
0.000560914
0.00059682
0.000620049
0.000657821
0.000682774
0.000721888
0.00074894
0.000787228
0.000824345
0.000868413
0.000150681
0.000152376
0.000155578
0.000159083
0.000165539
0.000169891
0.000178091
0.000183598
0.000194086
0.0002005
0.00021309
0.000221302
0.000235319
0.000245856
0.000260232
0.000277239
0.000296058
0.000100223
9.88343e-05
9.77745e-05
9.67749e-05
9.61769e-05
9.55518e-05
9.52202e-05
9.51013e-05
9.52366e-05
9.54229e-05
9.614e-05
9.67304e-05
9.79327e-05
9.92083e-05
0.000100684
0.000103687
0.000106547
9.33778e-05
9.16671e-05
8.98165e-05
8.82193e-05
8.65034e-05
8.50513e-05
8.34501e-05
8.21406e-05
8.0664e-05
7.94991e-05
7.81436e-05
7.71321e-05
7.58917e-05
7.50536e-05
7.38958e-05
7.33946e-05
7.18245e-05
9.24981e-05
9.07737e-05
8.88095e-05
8.71796e-05
8.53122e-05
8.38024e-05
8.20258e-05
8.06253e-05
7.89333e-05
7.7638e-05
7.60231e-05
7.48295e-05
7.32802e-05
7.22055e-05
7.06405e-05
6.99539e-05
6.74059e-05
9.22718e-05
9.05466e-05
8.85715e-05
8.6945e-05
8.50633e-05
8.35529e-05
8.17602e-05
8.03557e-05
7.86438e-05
7.73402e-05
7.57013e-05
7.44943e-05
7.29155e-05
7.18218e-05
7.02188e-05
6.95142e-05
6.68836e-05
9.21281e-05
9.03922e-05
8.84245e-05
8.67946e-05
8.49208e-05
8.34049e-05
8.16202e-05
8.02094e-05
7.85057e-05
7.71943e-05
7.55649e-05
7.43449e-05
7.27899e-05
7.16321e-05
7.02284e-05
6.88409e-05
6.73976e-05
9.20075e-05
9.02632e-05
8.83031e-05
8.66697e-05
8.48044e-05
8.32837e-05
8.15077e-05
8.00915e-05
7.83969e-05
7.70793e-05
7.54593e-05
7.42324e-05
7.26871e-05
7.15219e-05
7.01294e-05
6.87234e-05
6.7306e-05
9.18992e-05
9.01573e-05
8.81944e-05
8.65681e-05
8.46996e-05
8.3186e-05
8.1406e-05
7.99977e-05
7.82979e-05
7.69889e-05
7.53627e-05
7.41454e-05
7.25924e-05
7.14389e-05
7.0034e-05
6.86508e-05
6.72102e-05
9.18039e-05
9.00661e-05
8.81006e-05
8.64801e-05
8.46094e-05
8.31012e-05
8.13186e-05
7.99159e-05
7.82133e-05
7.69101e-05
7.52798e-05
7.40724e-05
7.25008e-05
7.14073e-05
6.98072e-05
6.91053e-05
6.64764e-05
9.17239e-05
8.99846e-05
8.80225e-05
8.64006e-05
8.45346e-05
8.30244e-05
8.12469e-05
7.98415e-05
7.81445e-05
7.68379e-05
7.52136e-05
7.4002e-05
7.24372e-05
7.13387e-05
6.97454e-05
6.90449e-05
6.63981e-05
9.16529e-05
8.99165e-05
8.79527e-05
8.6335e-05
8.44671e-05
8.29617e-05
8.11816e-05
7.97815e-05
7.80812e-05
7.67804e-05
7.51522e-05
7.39468e-05
7.23776e-05
7.12851e-05
6.96888e-05
6.89878e-05
6.63582e-05
9.15956e-05
8.98542e-05
8.78969e-05
8.62747e-05
8.44137e-05
8.29033e-05
8.11305e-05
7.97249e-05
7.80323e-05
7.67252e-05
7.51062e-05
7.389e-05
7.23448e-05
7.11904e-05
6.97958e-05
6.84097e-05
6.69752e-05
9.15431e-05
8.98054e-05
8.78458e-05
8.62275e-05
8.43644e-05
8.28579e-05
8.10829e-05
7.96813e-05
7.79864e-05
7.66836e-05
7.50609e-05
7.38532e-05
7.22893e-05
7.11952e-05
6.9602e-05
6.89028e-05
6.62701e-05
9.15008e-05
8.9764e-05
8.78046e-05
8.61876e-05
8.43247e-05
8.28195e-05
8.10446e-05
7.96444e-05
7.79494e-05
7.6648e-05
7.50252e-05
7.3819e-05
7.2255e-05
7.11617e-05
6.95695e-05
6.88704e-05
6.62387e-05
9.14718e-05
8.97268e-05
8.77769e-05
8.61511e-05
8.42984e-05
8.27839e-05
8.10198e-05
7.96096e-05
7.79261e-05
7.66137e-05
7.50043e-05
7.3782e-05
7.22471e-05
7.10849e-05
6.97042e-05
6.83003e-05
6.68878e-05
9.14486e-05
8.97043e-05
8.77544e-05
8.61294e-05
8.42766e-05
8.27631e-05
8.09988e-05
7.95896e-05
7.79059e-05
7.65945e-05
7.49847e-05
7.37636e-05
7.2228e-05
7.10675e-05
6.9685e-05
6.8284e-05
6.68702e-05
9.14341e-05
8.96963e-05
8.77401e-05
8.6122e-05
8.42626e-05
8.27562e-05
8.0985e-05
7.95832e-05
7.78922e-05
7.6589e-05
7.49703e-05
7.37619e-05
7.2202e-05
7.1107e-05
6.95172e-05
6.88195e-05
6.61837e-05
)
;

boundaryField
{
    inlet
    {
        type            fixedValue;
        value           uniform 8.3;
    }
    outlet
    {
        type            zeroGradient;
    }
    topWall
    {
        type            zeroGradient;
    }
    floorWall
    {
        type            epsilonWallFunction;
        blending        stepwise;
        value           nonuniform List<scalar> 
97
(
4.70993
1.66495
0.895309
0.614647
0.485021
0.413978
0.370248
0.339854
0.318198
0.301817
0.289003
0.278991
0.271031
0.264496
0.259133
0.25435
0.250329
0.246571
0.243187
0.239999
0.237087
0.234308
0.231754
0.229271
0.227023
0.224796
0.222794
0.220786
0.218981
0.217149
0.215522
0.213846
0.212373
0.21083
0.209489
0.208061
0.206832
0.20551
0.204372
0.203147
0.202092
0.200949
0.199966
0.198899
0.197979
0.19698
0.19612
0.195178
0.194372
0.193481
0.192726
0.191884
0.191172
0.190378
0.189701
0.188953
0.188307
0.187605
0.186983
0.186325
0.185721
0.185108
0.184518
0.183947
0.183368
0.182836
0.182265
0.181771
0.181201
0.180744
0.180165
0.179745
0.179142
0.178751
0.178102
0.177703
0.176971
0.17647
0.174956
0.175959
0.559213
0.307567
0.232972
0.205872
0.194759
0.188012
0.183596
0.180985
0.179006
0.177672
0.176382
0.175583
0.174592
0.174091
0.173223
0.172932
0.172108
)
;
    }
    frontAndBack
    {
        type            empty;
    }
    building
    {
        type            epsilonWallFunction;
        blending        stepwise;
        value           nonuniform List<scalar> 
103
(
0.000505049
0.000371747
0.000678607
0.00123602
0.00208316
0.00318445
0.00441804
0.00561467
0.00680239
0.007906
0.00912071
0.0110306
0.0155465
0.0217059
0.0284425
0.0353613
0.0422984
0.049882
0.0530287
0.0534579
0.0392472
0.0196298
0.00850737
0.0510381
0.000505049
0.001118
0.00230186
0.00362966
0.00449477
0.00469591
0.00467729
0.00472258
0.00505446
0.00566451
0.00633681
0.00691649
0.00732137
0.00750815
0.00742194
0.00698029
0.00641575
0.00829938
0.0120272
0.0178645
0.0268193
0.0391572
0.054108
0.0717548
0.0914596
0.112257
0.13328
0.15356
0.172324
0.188866
0.202694
0.212891
0.218959
0.220348
0.218908
0.211625
0.200433
0.185621
0.167643
0.147304
0.125444
0.102996
0.0808967
0.0602175
0.0419958
0.0273237
0.0203684
0.0219236
0.0231535
0.0219112
0.0177542
0.0109298
0.00491408
0.00153377
0.000470239
0.000470239
0.000307941
0.000482525
0.00076558
0.00113852
0.00154412
0.00190321
0.0021177
0.00217581
0.00216353
0.00220987
0.00268457
0.007363
0.0223751
0.0529412
0.0878117
0.120302
0.152077
0.183686
0.218814
0.266707
0.351193
0.504677
0.81339
)
;
    }
}


// ************************************************************************* //
