/*--------------------------------*- C++ -*----------------------------------*\
| =========                 |                                                 |
| \\      /  F ield         | OpenFOAM: The Open Source CFD Toolbox           |
|  \\    /   O peration     | Version:  2312                                  |
|   \\  /    A nd           | Website:  www.openfoam.com                      |
|    \\/     M anipulation  |                                                 |
\*---------------------------------------------------------------------------*/
FoamFile
{
    version     2.0;
    format      ascii;
    arch        "LSB;label=32;scalar=64";
    class       volScalarField;
    location    "4000";
    object      k;
}
// * * * * * * * * * * * * * * * * * * * * * * * * * * * * * * * * * * * * * //

dimensions      [0 2 -2 0 0 0 0];

internalField   nonuniform List<scalar> 
5880
(
9.94338e-05
0.000168948
0.000273381
0.000370368
0.0004271
0.000439732
0.000438513
0.000441433
0.000461831
0.000498279
0.000536962
0.000569227
0.000591244
0.000601288
0.000596683
0.000572614
0.00054143
0.000642915
0.00082331
0.00107176
0.00140516
0.00180842
0.00224349
0.00270798
0.00318341
0.00364932
0.00409183
0.00449711
0.00485683
0.00516341
0.00540992
0.00560035
0.00568885
0.0057231
0.00569573
0.00556952
0.00537147
0.00510329
0.0047683
0.00437434
0.00393009
0.00344601
0.00293353
0.00240945
0.00189485
0.00142277
0.00116971
0.00122852
0.00127405
0.00122806
0.00106736
0.000772434
0.000453334
0.000208595
9.48419e-05
0.000141653
0.000158647
0.000196341
0.000232366
0.000253489
0.000265775
0.000283491
0.000319482
0.000384612
0.000472301
0.000569309
0.000666699
0.000764243
0.000862192
0.000958296
0.00104563
0.00112424
0.00122257
0.00134424
0.00149409
0.00167175
0.00187942
0.00204844
0.00220755
0.00236174
0.00250432
0.00263688
0.0027579
0.00287064
0.00297809
0.00307159
0.00316568
0.0032415
0.00332494
0.00339516
0.0034623
0.00351005
0.00353473
0.00354248
0.00352273
0.00347308
0.00337897
0.00324038
0.00304435
0.00278401
0.00246609
0.00212345
0.00178932
0.00144954
0.0011255
0.000836497
0.000583008
0.000363643
0.000193866
0.000124974
0.00021156
0.000220277
0.000246783
0.000275391
0.000293139
0.000315073
0.000357746
0.000436353
0.000557497
0.000707408
0.000870117
0.00103838
0.00121151
0.00138747
0.00155642
0.00171092
0.00184266
0.00195429
0.00204758
0.0021322
0.00220763
0.00228101
0.00237428
0.0024668
0.0025657
0.00266802
0.0027772
0.00288927
0.00300546
0.00312672
0.00325053
0.00338026
0.00350595
0.00363545
0.00375916
0.00388038
0.00398875
0.00408267
0.00415396
0.00418775
0.00419728
0.00415377
0.00404167
0.00385451
0.00358211
0.00322864
0.00281413
0.0023613
0.00188874
0.00143221
0.00102004
0.000681348
0.000421495
0.000235149
0.000168598
0.000315507
0.000314805
0.000345136
0.000382671
0.00041253
0.000457309
0.000537091
0.000666895
0.000847753
0.0010627
0.00129319
0.00152808
0.00175994
0.00197942
0.00216832
0.00231735
0.00241346
0.00246239
0.00248457
0.00250809
0.00255069
0.00261017
0.00268732
0.0027765
0.00287837
0.00298941
0.00310854
0.00323558
0.00336902
0.00350674
0.00364716
0.00378935
0.00393129
0.00407394
0.00421277
0.00434644
0.00446905
0.00457629
0.00466065
0.00470442
0.00471918
0.00467925
0.00456597
0.00437257
0.00408678
0.00370833
0.00325126
0.00273766
0.00219882
0.00167685
0.00120868
0.000820307
0.000520711
0.000304029
0.000229349
0.000446868
0.00043013
0.000474363
0.00052713
0.000577821
0.000656031
0.000785027
0.000977863
0.00122806
0.00151134
0.00180341
0.00208587
0.002341
0.00255035
0.00267823
0.0027289
0.00273469
0.00271312
0.00270844
0.00273921
0.0027899
0.00286631
0.00295754
0.0030618
0.00317527
0.00329617
0.00342289
0.0035542
0.00368933
0.00382722
0.0039671
0.0041082
0.0042493
0.00438928
0.00452521
0.00465352
0.00476957
0.00486853
0.00494266
0.00497816
0.00498794
0.00493917
0.0048224
0.00462872
0.00434587
0.00396982
0.00350793
0.00297359
0.00240307
0.00184086
0.00133285
0.000912547
0.000590657
0.000360024
0.000298811
0.000593266
0.000570143
0.000643335
0.000719189
0.000798752
0.00092034
0.00111182
0.00138031
0.00170462
0.00204746
0.00237349
0.0026516
0.00284977
0.00293976
0.00295562
0.00290258
0.00287011
0.00285962
0.00287796
0.00293582
0.00301033
0.00310389
0.00320615
0.003317
0.0034328
0.00355287
0.00367615
0.00380227
0.00393063
0.00406064
0.00419159
0.00432248
0.00445186
0.00457776
0.00469769
0.0048084
0.00490599
0.00498552
0.00503858
0.00506115
0.0050624
0.0050043
0.00488653
0.00469901
0.00443767
0.00409026
0.00365075
0.00313336
0.00256171
0.00197489
0.00142636
0.000969105
0.000625772
0.0003925
0.00036613
0.0007381
0.000744495
0.000868006
0.000974698
0.00109273
0.00127108
0.00153657
0.00187952
0.00225758
0.00261607
0.00290873
0.00307497
0.00312836
0.00310168
0.00302335
0.0029843
0.00297225
0.00299247
0.00305021
0.00312835
0.00321789
0.0033172
0.00342098
0.00352903
0.00363923
0.00375192
0.0038664
0.00398253
0.00409978
0.00421758
0.00433503
0.00445095
0.00456381
0.00467161
0.00477204
0.00486246
0.00493966
0.00499966
0.00503338
0.00504451
0.0050301
0.00496722
0.00485884
0.00469361
0.00446079
0.00415564
0.00377152
0.00330486
0.00276084
0.0021617
0.00155907
0.00103551
0.00064462
0.00040579
0.000420881
0.000868089
0.000970823
0.00116546
0.00131041
0.00147684
0.00171956
0.00205166
0.00243769
0.00281098
0.00309879
0.00323271
0.00325921
0.00318989
0.00311164
0.00306921
0.00305828
0.00308349
0.00314185
0.00321886
0.00330551
0.00339808
0.00349463
0.00359306
0.00369327
0.00379489
0.00389804
0.0040025
0.00410801
0.00421404
0.00432002
0.004425
0.00452774
0.00462671
0.00472011
0.00480591
0.00488174
0.00494501
0.00499042
0.00501472
0.0050207
0.00500104
0.00494131
0.00484286
0.00470063
0.00451123
0.00426323
0.00394955
0.00355636
0.00306946
0.00248381
0.0018243
0.00118778
0.000683414
0.000421567
0.000451786
0.000979761
0.00126981
0.0015429
0.00173872
0.00195565
0.00224756
0.00260447
0.00296306
0.00322074
0.00332431
0.00333082
0.00325182
0.00317145
0.00313203
0.00312316
0.00315206
0.0032106
0.00328454
0.00336659
0.00345267
0.00354069
0.00363013
0.00372069
0.00381261
0.00390605
0.00400118
0.00409795
0.00419622
0.0042956
0.00439546
0.00449495
0.00459286
0.00468768
0.00477761
0.00486062
0.00493425
0.00499585
0.00504057
0.00506592
0.00507208
0.00505901
0.00501246
0.00493281
0.00481566
0.00465687
0.0044536
0.00419813
0.0038788
0.00347077
0.00294463
0.00227614
0.00151729
0.000810186
0.000466843
0.000460471
0.00108827
0.00164164
0.00201249
0.00225713
0.00250117
0.00279127
0.0030941
0.00330487
0.00338075
0.00336791
0.00329833
0.00321387
0.00317581
0.0031687
0.00319938
0.00325603
0.00332584
0.00340188
0.00348048
0.00356024
0.00364067
0.00372235
0.00380563
0.00389101
0.00397889
0.00406953
0.00416301
0.0042593
0.00435819
0.00445933
0.00456222
0.00466588
0.00476876
0.00486881
0.00496406
0.00505163
0.00512828
0.00519143
0.00523653
0.00525347
0.00525666
0.00522936
0.00516709
0.00506698
0.0049247
0.00473829
0.00450772
0.00423101
0.0038877
0.0034457
0.00284494
0.00205134
0.00114636
0.00057354
0.000458411
0.00119573
0.00208865
0.00255629
0.00282522
0.00304033
0.00324675
0.0033844
0.00342789
0.00338886
0.00332144
0.00323718
0.00320302
0.00319571
0.00322659
0.00327892
0.00334255
0.00341088
0.00348097
0.00355148
0.00362248
0.00369465
0.00376867
0.00384567
0.0039261
0.00401039
0.00409882
0.00419154
0.00428857
0.00438981
0.00449499
0.00460372
0.00471604
0.00483182
0.00495063
0.00507037
0.00518837
0.00530021
0.00539764
0.00547816
0.00552983
0.00555589
0.00555977
0.00552699
0.00545306
0.00533065
0.00515538
0.00492616
0.00464436
0.00431347
0.00391419
0.00339687
0.00267515
0.00169075
0.000771174
0.000464894
0.00135801
0.00257606
0.0031174
0.00336729
0.00348008
0.00352182
0.00351281
0.00343159
0.00334553
0.00325968
0.00322002
0.00321195
0.00323454
0.00327913
0.00333274
0.0033901
0.00344811
0.00350723
0.00356729
0.00362926
0.003694
0.00376241
0.00383398
0.0039091
0.00398838
0.00407235
0.00416159
0.00425663
0.00435796
0.00446589
0.00458036
0.00470172
0.00482963
0.00496322
0.00510164
0.00524388
0.00538892
0.00553648
0.0056787
0.00580403
0.00589592
0.00593934
0.0059518
0.00592925
0.00585368
0.00571407
0.00550386
0.00521774
0.00485724
0.00443095
0.00393036
0.00329354
0.0023994
0.0011516
0.000529204
0.00170689
0.00305676
0.00360146
0.00376932
0.00377518
0.00367311
0.00353231
0.00340157
0.00328929
0.00323667
0.00321923
0.00322377
0.00325421
0.0032951
0.00334084
0.00338958
0.00344073
0.00349216
0.00354384
0.00359636
0.0036502
0.00370566
0.0037635
0.00382466
0.00389004
0.00396065
0.00403766
0.00412235
0.00421607
0.00432023
0.00443615
0.00456408
0.00470421
0.00485646
0.00502012
0.0051937
0.00537469
0.00555949
0.00574603
0.00593334
0.00611993
0.00627938
0.0063769
0.00641534
0.00641953
0.00635327
0.00620648
0.00596181
0.00560823
0.00514326
0.00457893
0.00393744
0.0031471
0.00204917
0.00103733
0.00213276
0.00343777
0.00394886
0.00405697
0.00394425
0.00372004
0.0035159
0.00335736
0.00326269
0.00322311
0.00321176
0.00321946
0.00324757
0.00328299
0.00332089
0.00335904
0.00339555
0.00343017
0.00346292
0.00349374
0.0035231
0.00355305
0.00358513
0.00362078
0.00366159
0.00370927
0.00376569
0.00383277
0.00391247
0.00400669
0.00411728
0.00424589
0.00439389
0.00456217
0.00475091
0.00495938
0.00518575
0.00542682
0.00567792
0.00593263
0.00618294
0.00643041
0.0066701
0.00685338
0.00694497
0.0069769
0.0069368
0.00678798
0.00650639
0.00607158
0.00547219
0.00472484
0.00391262
0.00311602
0.00217636
0.00255319
0.00361011
0.0040556
0.00412272
0.00395091
0.00370026
0.00347466
0.00331756
0.00323538
0.00320068
0.00319103
0.00319623
0.00321486
0.00323623
0.00325555
0.00326941
0.00327727
0.00328081
0.00328169
0.00328079
0.00327901
0.00327736
0.00327685
0.00327927
0.00328707
0.0033024
0.00332776
0.00336581
0.00341964
0.00349234
0.003587
0.00370668
0.00385416
0.00403175
0.00424102
0.00448251
0.00475541
0.00505729
0.0053839
0.0057287
0.00608277
0.00643482
0.00677257
0.00710133
0.00737245
0.00754507
0.00761601
0.00760402
0.00744618
0.00711049
0.00656372
0.00578449
0.0048214
0.00412326
0.00386427
0.00294958
0.0035846
0.00399996
0.00406314
0.00389551
0.00364113
0.00341783
0.00327115
0.00319198
0.00315469
0.00313846
0.00313219
0.00312899
0.00312303
0.00311185
0.00309557
0.00307365
0.00304609
0.00301356
0.00297683
0.0029369
0.00289514
0.0028533
0.00281359
0.00277863
0.00275139
0.00273795
0.00273496
0.00274986
0.0027878
0.00285251
0.00294874
0.00308117
0.0032543
0.00347203
0.00373713
0.00405061
0.00441136
0.00481681
0.00526074
0.0057335
0.00622228
0.00671114
0.00718097
0.00762877
0.00799879
0.00826387
0.00837866
0.00837907
0.00818141
0.00773952
0.00700245
0.00594733
0.00521806
0.00541481
0.00333708
0.00349315
0.00384213
0.0038991
0.00375424
0.00352846
0.00332832
0.00319008
0.00310729
0.00305942
0.0030288
0.00300414
0.00297889
0.00294881
0.00291186
0.00286731
0.00281482
0.00275453
0.00268702
0.00261322
0.00253446
0.00245253
0.00236964
0.00228837
0.00221161
0.00214243
0.00208402
0.00203913
0.00201571
0.0020094
0.00202622
0.00207732
0.00216907
0.00230937
0.00250696
0.0027701
0.00310367
0.00350383
0.0039776
0.00452033
0.00512093
0.00576433
0.00643177
0.00709956
0.00774008
0.00833415
0.00883196
0.0091862
0.009339
0.00931419
0.00901013
0.00835582
0.00727328
0.00624103
0.00667962
0.0036888
0.00324214
0.00351463
0.0035877
0.0035032
0.00334278
0.00318424
0.00306296
0.00298058
0.00292451
0.0028813
0.00284123
0.00279825
0.00274877
0.00269095
0.00262397
0.00254768
0.00246244
0.00236913
0.00226912
0.00216431
0.0020571
0.0019503
0.00184695
0.00175012
0.00166266
0.00158708
0.00152541
0.00147955
0.00145371
0.00144574
0.00145785
0.00149651
0.00156665
0.001678
0.00184681
0.00209745
0.00246307
0.0029532
0.00356758
0.00428651
0.00508953
0.0059572
0.00685787
0.00775869
0.00861587
0.00938156
0.0100122
0.0104379
0.0106001
0.0104721
0.00993159
0.00886568
0.00754357
0.00780965
0.00393445
0.00301369
0.00320172
0.0032872
0.00325662
0.00315539
0.00303511
0.00292742
0.00284249
0.00277669
0.00272189
0.00267028
0.00261617
0.00255583
0.00248727
0.00240959
0.00232282
0.00222763
0.00212546
0.00201843
0.00190921
0.0018007
0.00169596
0.00159792
0.00150914
0.00143145
0.00136568
0.00131272
0.00127343
0.00124941
0.00124085
0.00124442
0.00126126
0.00129382
0.00134804
0.00143446
0.00157146
0.00178921
0.00213265
0.00265171
0.0033796
0.00430269
0.00537018
0.00654008
0.00774774
0.00892258
0.0100216
0.0109843
0.0117422
0.012191
0.0122782
0.0118838
0.010849
0.00915555
0.00885801
0.00369275
0.00263812
0.00277644
0.00289447
0.00292036
0.00288978
0.00282517
0.00275256
0.00268508
0.00262555
0.00257148
0.00251865
0.00246363
0.00240381
0.00233769
0.00226481
0.0021857
0.00210195
0.00201591
0.00192805
0.00183958
0.00175204
0.00166717
0.00158651
0.00151137
0.00144263
0.00138247
0.00133218
0.00129235
0.00126308
0.00124472
0.00123749
0.00124118
0.00125662
0.00128876
0.00134332
0.00143244
0.00157836
0.00181812
0.00221635
0.00286456
0.00380657
0.00501195
0.00638955
0.00786941
0.00940823
0.0109164
0.0123023
0.0134688
0.014307
0.0146838
0.0144686
0.0134597
0.0113904
0.00995098
0.00349405
0.00240146
0.00246845
0.0026418
0.00272736
0.00274109
0.00271795
0.00267288
0.00261341
0.00255065
0.00249299
0.00244118
0.00239068
0.00233921
0.00228552
0.00222873
0.00216863
0.0021045
0.0020346
0.00196091
0.0018859
0.00181124
0.00173875
0.00166977
0.00160579
0.00154819
0.00149786
0.00145532
0.00142122
0.00139596
0.0013797
0.00137337
0.00137636
0.0013886
0.00141493
0.00145886
0.00152618
0.00163123
0.00180982
0.00214118
0.00272869
0.00365593
0.004942
0.00655255
0.00840448
0.0103892
0.0124016
0.01433
0.0160471
0.017403
0.018218
0.0182684
0.0172722
0.0147263
0.0113623
0.00181296
0.00164869
0.00176795
0.0019462
0.00211764
0.00226081
0.00236813
0.00244246
0.00248959
0.00251518
0.00251785
0.00250228
0.00247287
0.00243482
0.00239139
0.00234353
0.00229255
0.00223879
0.00218403
0.00212859
0.00207321
0.00201878
0.00196637
0.001917
0.00187164
0.00183142
0.00179707
0.00176934
0.00174876
0.00173603
0.00173569
0.00174272
0.00176385
0.00181229
0.00189091
0.00201029
0.00218632
0.00244291
0.00281528
0.0033551
0.00413473
0.00523211
0.00668973
0.00849521
0.0106016
0.0129484
0.0154575
0.0180147
0.0204538
0.022553
0.0240303
0.0245252
0.0236222
0.0203995
0.0136463
0.00116404
0.00153502
0.00186304
0.00217058
0.00245499
0.00270803
0.00292637
0.00311051
0.00326124
0.00338373
0.003479
0.00354696
0.00359079
0.00361497
0.00362478
0.00362323
0.00361798
0.00360804
0.00359743
0.00358828
0.00358212
0.00358182
0.00358451
0.00359561
0.00361395
0.00364327
0.00368434
0.00373876
0.00380852
0.00389659
0.00400451
0.00414106
0.00428801
0.00456682
0.00498214
0.00554105
0.00625139
0.00712117
0.00815571
0.0093549
0.0107168
0.0122414
0.0139389
0.015843
0.0180158
0.0205391
0.0234692
0.0267563
0.0301868
0.0333994
0.0358851
0.0369589
0.0358337
0.0308332
0.0173948
0.00376827
0.00881776
0.0126163
0.015423
0.0175629
0.0191901
0.0204291
0.0213672
0.02207
0.0225896
0.0229695
0.0232461
0.0234429
0.0235806
0.0236697
0.0237262
0.0237588
0.0237797
0.0237958
0.023816
0.0238461
0.0238927
0.0239597
0.0240517
0.0241714
0.0243212
0.0245031
0.0247172
0.0249673
0.0252585
0.0255937
0.0259753
0.0263947
0.0268036
0.0272052
0.0276031
0.0280015
0.028406
0.0288252
0.0292728
0.0297724
0.0303653
0.0311234
0.0321651
0.0336563
0.0357758
0.0386251
0.0421398
0.0460646
0.0499503
0.0531418
0.054739
0.0536443
0.0476119
0.0239014
0.121297
0.0606343
0.0401075
0.0312053
0.0266498
0.0239745
0.0222576
0.021019
0.0201186
0.0194216
0.0188708
0.0184315
0.0180803
0.0177889
0.0175478
0.0173315
0.0171482
0.0169763
0.0168206
0.0166733
0.0165381
0.0164086
0.0162891
0.0161726
0.0160667
0.0159614
0.0158665
0.015771
0.015685
0.0155974
0.0155194
0.0154388
0.0153678
0.0152933
0.0152284
0.0151591
0.0150993
0.0150349
0.0149794
0.0149194
0.0148678
0.0148117
0.0147633
0.0147107
0.0146653
0.014616
0.0145734
0.0145267
0.0144867
0.0144423
0.0144048
0.0143628
0.0143272
0.0142875
0.0142537
0.0142162
0.0141838
0.0141485
0.0141172
0.014084
0.0140536
0.0140226
0.0139928
0.0139639
0.0139346
0.0139076
0.0138787
0.0138536
0.0138246
0.0138014
0.0137719
0.0137505
0.0137197
0.0136998
0.0136665
0.013646
0.0136094
0.0135801
0.0135066
0.0135567
0.117782
0.05143
0.0294111
0.0205204
0.0164529
0.0144331
0.0134893
0.0130337
0.0130396
0.013124
0.0133198
0.0135874
0.0138519
0.0140952
0.0142976
0.0144567
0.0145977
0.0146854
0.0147534
0.0147993
0.0148296
0.0148467
0.0148512
0.0148486
0.0148418
0.0148265
0.0148115
0.0147881
0.0147663
0.0147385
0.0147141
0.0146835
0.0146577
0.0146251
0.0145989
0.0145648
0.0145388
0.0145042
0.0144779
0.0144441
0.0144177
0.0143843
0.0143581
0.0143256
0.0142998
0.0142683
0.0142429
0.0142119
0.0141874
0.014157
0.0141341
0.0141039
0.0140822
0.0140526
0.0140318
0.0140029
0.013983
0.0139548
0.0139356
0.0139083
0.0138897
0.0138633
0.0138451
0.0138197
0.0138017
0.0137773
0.0137598
0.0137362
0.013719
0.0136963
0.0136793
0.0136579
0.0136402
0.0136213
0.0136009
0.0135858
0.0135636
0.0135414
0.013551
0.0135487
0.11994
0.0527518
0.0292969
0.0191579
0.014132
0.0114191
0.00992058
0.00909971
0.00869388
0.00862033
0.00867907
0.00882535
0.00912679
0.00946822
0.00982702
0.0101772
0.0105195
0.0108275
0.011105
0.0113516
0.0115689
0.0117599
0.0119264
0.012071
0.0121988
0.0123085
0.0124085
0.0124898
0.0125645
0.0126263
0.012684
0.0127298
0.0127744
0.0128076
0.0128423
0.0128653
0.0128924
0.0129076
0.012928
0.0129383
0.0129528
0.0129586
0.0129687
0.0129714
0.0129775
0.0129782
0.0129805
0.0129792
0.0129792
0.0129763
0.0129754
0.0129702
0.0129685
0.0129615
0.0129592
0.012951
0.012948
0.0129387
0.0129353
0.0129252
0.0129213
0.0129105
0.0129063
0.012895
0.0128905
0.0128787
0.0128742
0.0128619
0.0128574
0.0128449
0.0128405
0.0128281
0.0128236
0.0128118
0.0128065
0.0127975
0.0127895
0.0127852
0.0128045
0.0128024
0.120583
0.0536819
0.0299439
0.0193933
0.0139213
0.0107635
0.00881993
0.00759178
0.00679679
0.00632105
0.00605726
0.00594592
0.00597521
0.00606039
0.00625471
0.00651429
0.00681554
0.00714039
0.00747578
0.00781204
0.00813894
0.00845143
0.00874564
0.00901859
0.00927262
0.00950376
0.00971947
0.00991317
0.0100927
0.0102534
0.0104038
0.0105369
0.0106631
0.010773
0.0108795
0.0109702
0.0110606
0.0111353
0.0112123
0.011275
0.0113391
0.0113921
0.0114464
0.0114909
0.0115373
0.0115744
0.0116144
0.0116447
0.01168
0.0117039
0.011736
0.0117543
0.0117835
0.0117974
0.0118235
0.0118345
0.0118572
0.011866
0.0118857
0.0118926
0.0119097
0.011915
0.0119296
0.0119336
0.0119462
0.011949
0.01196
0.0119616
0.0119713
0.0119721
0.0119807
0.0119808
0.0119887
0.0119884
0.0119956
0.011996
0.0120027
0.0120084
0.0120321
0.0120491
0.120686
0.0539291
0.0302368
0.0196481
0.0140645
0.0107687
0.0086591
0.00723322
0.00623851
0.00552502
0.00502881
0.00466908
0.00444866
0.00430014
0.00425655
0.00427863
0.00434054
0.00447364
0.0046562
0.00487767
0.00512634
0.00539731
0.00568336
0.00597576
0.0062711
0.00656002
0.00684392
0.00711457
0.0073754
0.0076194
0.00785322
0.00806886
0.00827577
0.00846415
0.00864611
0.00880965
0.00896918
0.009111
0.00925029
0.00937411
0.00949537
0.00960306
0.00970949
0.00980291
0.00989708
0.00997782
0.0100619
0.0101311
0.0102071
0.0102657
0.0103353
0.0103845
0.0104485
0.0104901
0.0105487
0.0105842
0.0106376
0.0106678
0.0107171
0.0107423
0.0107879
0.0108088
0.0108508
0.0108689
0.0109069
0.0109227
0.0109572
0.010971
0.0110025
0.0110146
0.0110437
0.0110543
0.0110815
0.0110907
0.0111168
0.0111254
0.0111518
0.0111625
0.0111984
0.0112279
0.12069
0.0539621
0.0303045
0.0197334
0.0141536
0.0108336
0.00868875
0.00720935
0.00614895
0.00535258
0.00475469
0.00428564
0.00393108
0.00365159
0.00344594
0.00329551
0.00320071
0.00313994
0.00314245
0.00317092
0.0032274
0.00333018
0.00346535
0.00362835
0.00381673
0.00402419
0.0042511
0.00448831
0.00473718
0.00498713
0.00524184
0.00549004
0.0057384
0.00597496
0.00620928
0.0064288
0.00664515
0.00684571
0.00704266
0.00722424
0.00740252
0.00756527
0.00772648
0.0078714
0.00801744
0.00814577
0.00827861
0.00839163
0.00851306
0.00861208
0.00872359
0.00881026
0.00891271
0.00898886
0.00908305
0.00915012
0.00923691
0.00929555
0.00937638
0.00942716
0.00950291
0.00954653
0.00961751
0.00965517
0.00972175
0.00975418
0.00981646
0.00984505
0.00990302
0.0099287
0.00998248
0.0100056
0.0100559
0.0100768
0.0101247
0.0101441
0.0101916
0.0102118
0.0102666
0.0103018
0.120687
0.0539483
0.0302968
0.0197357
0.014167
0.0108542
0.00871059
0.00722535
0.0061519
0.00533896
0.00471302
0.00421218
0.00381325
0.00348346
0.00321804
0.00299427
0.00281891
0.00266898
0.00255996
0.00247067
0.00241681
0.00237493
0.00237565
0.00238868
0.00242044
0.00248185
0.00256691
0.00267135
0.00279944
0.00294297
0.00310743
0.0032825
0.00347539
0.00367307
0.00388408
0.00409403
0.00431276
0.0045254
0.00474323
0.0049508
0.00516193
0.0053591
0.00556003
0.0057438
0.00593296
0.00610195
0.00627896
0.00643292
0.00659798
0.00673735
0.00689085
0.00701664
0.00715903
0.00727241
0.00740454
0.00750651
0.00762948
0.00772059
0.00783569
0.00791665
0.00802482
0.0080965
0.00819821
0.00826162
0.00835744
0.0084135
0.0085038
0.00855339
0.00863884
0.00868274
0.00876375
0.00880278
0.00887949
0.00891526
0.00898779
0.00902149
0.00909162
0.00912636
0.00919995
0.00925406
0.120681
0.0539357
0.0302878
0.0197297
0.0141637
0.0108546
0.0087125
0.00722975
0.00615547
0.00534193
0.00471138
0.00420553
0.00379669
0.00345554
0.00317289
0.00293043
0.00272709
0.00254989
0.00240061
0.00227061
0.00216173
0.00206908
0.00199189
0.00193324
0.00188438
0.00185415
0.00183348
0.00183544
0.00184443
0.00186837
0.00191049
0.00196477
0.00203942
0.00212366
0.00222917
0.00234157
0.00247532
0.00261252
0.00277032
0.00292715
0.00310319
0.003273
0.00346066
0.00363656
0.00382941
0.00400528
0.00419793
0.00436915
0.00455764
0.00472119
0.00490284
0.00505705
0.00523041
0.00537436
0.00553892
0.00567221
0.00582808
0.00595054
0.00609811
0.00620994
0.00634961
0.00645137
0.00658344
0.00667582
0.00680068
0.00688449
0.0070025
0.00707854
0.00719009
0.00725945
0.0073647
0.00742857
0.00752757
0.00758738
0.00768056
0.00773801
0.00782649
0.0078859
0.00797487
0.00805346
0.120677
0.0539168
0.0302649
0.0197077
0.0141465
0.0108434
0.00870483
0.00722542
0.00615217
0.00534047
0.00470963
0.00420453
0.00379401
0.00345226
0.00316584
0.00292081
0.00271083
0.00252787
0.00236845
0.00222801
0.00210418
0.00199468
0.00189749
0.00181166
0.00173621
0.00166946
0.00161266
0.00156252
0.00152372
0.00148917
0.00146649
0.00144856
0.00144286
0.00144571
0.0014555
0.00147272
0.00150718
0.00154353
0.00160085
0.00165763
0.0017383
0.00181568
0.00191945
0.00201643
0.00214137
0.00225591
0.00239876
0.00252759
0.00268427
0.00282314
0.00298896
0.00313339
0.00330383
0.00344963
0.00362091
0.00376458
0.00393385
0.00407284
0.00423819
0.00437084
0.004531
0.00465646
0.00481059
0.00492856
0.00507612
0.00518672
0.00532729
0.00543099
0.00556417
0.00566187
0.00578735
0.00588005
0.00599775
0.00608661
0.00619691
0.00628352
0.00638789
0.00647569
0.00658104
0.00668332
0.120672
0.0539037
0.0302514
0.0196939
0.0141337
0.0108334
0.00869669
0.00721929
0.00614679
0.00533638
0.00470585
0.00420164
0.00379115
0.00344992
0.00316323
0.00291813
0.00270747
0.00252353
0.00236278
0.00222006
0.00209387
0.00198027
0.00187912
0.00178695
0.00170472
0.00162903
0.00156162
0.00149918
0.00144385
0.00139277
0.00134768
0.00130672
0.00127093
0.00123959
0.00121331
0.00119099
0.00117378
0.00116197
0.00115427
0.0011545
0.00116016
0.00116762
0.00118894
0.00120716
0.00124546
0.00127624
0.00133168
0.00137789
0.00145074
0.0015125
0.0016027
0.00167977
0.00178627
0.00187766
0.00199845
0.00210217
0.00223468
0.0023479
0.00248914
0.0026087
0.00275543
0.00287834
0.00302745
0.00315122
0.00329994
0.00342278
0.00356878
0.00368965
0.00383108
0.00394953
0.00408519
0.00420107
0.00433041
0.00444376
0.00456709
0.00467828
0.00479755
0.00490836
0.00503075
0.00515239
0.120669
0.0538882
0.0302333
0.0196744
0.0141166
0.0108206
0.00868714
0.00721212
0.00614097
0.00533152
0.00470158
0.00419789
0.00378777
0.00344686
0.00316046
0.00291552
0.00270508
0.00252111
0.00236044
0.00221746
0.00209109
0.00197693
0.00187519
0.00178206
0.00169859
0.0016213
0.00155179
0.00148677
0.00142826
0.00137299
0.00132339
0.00127606
0.00123396
0.00119326
0.00115772
0.00112282
0.0010932
0.00106349
0.00103964
0.00101473
0.000996941
0.000976897
0.000964961
0.000950472
0.000944383
0.000936692
0.000936394
0.000939278
0.000945093
0.000953823
0.000971197
0.000986358
0.00101647
0.00104011
0.00108278
0.00111814
0.00117311
0.00122077
0.00128861
0.00134873
0.00142929
0.00150163
0.00159407
0.00167785
0.00178055
0.00187454
0.00198528
0.00208782
0.00220417
0.00231332
0.00243299
0.00254669
0.00266789
0.00278419
0.00290602
0.00302346
0.00314658
0.00326565
0.00339469
0.00352469
0.120666
0.0538752
0.0302211
0.0196626
0.0141057
0.0108113
0.00867957
0.00720596
0.0061358
0.00532707
0.00469763
0.00419433
0.00378452
0.00344386
0.00315769
0.00291293
0.00270268
0.00251883
0.0023583
0.0022154
0.00208913
0.00197499
0.00187326
0.00178006
0.00169652
0.00161901
0.0015493
0.00148384
0.00142492
0.00136892
0.00131859
0.00127014
0.00122679
0.00118449
0.00114692
0.00110973
0.00107704
0.00104417
0.00101568
0.000986595
0.000961784
0.00093615
0.000914641
0.000892245
0.000873821
0.000854552
0.000839203
0.00082303
0.000811184
0.000798027
0.000789704
0.000780123
0.000775404
0.000770182
0.000769331
0.000770259
0.000773306
0.000778543
0.000788963
0.000799189
0.000817272
0.000834987
0.000860699
0.000886832
0.000921023
0.000956487
0.000999832
0.00104532
0.00109822
0.00115399
0.00121668
0.00128253
0.00135498
0.00143029
0.00151235
0.0015964
0.00168815
0.00178142
0.00188495
0.00199339
0.120662
0.0538625
0.0302099
0.0196534
0.0140976
0.010804
0.00867321
0.00720049
0.00613101
0.00532289
0.00469384
0.00419094
0.00378137
0.00344101
0.00315499
0.00291048
0.0027003
0.00251668
0.00235618
0.00221349
0.00208719
0.00197327
0.00187148
0.00177849
0.00169483
0.00161754
0.00154765
0.00148242
0.00142322
0.00136746
0.00131673
0.00126853
0.00122462
0.00118254
0.00114421
0.00110718
0.00107346
0.00104064
0.0010108
0.000981541
0.000954991
0.000928783
0.000905073
0.000881515
0.000860293
0.000839077
0.000820071
0.000800974
0.000783977
0.000766878
0.000751719
0.00073655
0.000723147
0.000709874
0.00069825
0.000686877
0.000677242
0.000667761
0.000660145
0.000652901
0.000647459
0.000642815
0.000639893
0.000638231
0.000638832
0.000640178
0.000644036
0.000649189
0.000657432
0.000667338
0.000680598
0.000695906
0.00071502
0.00073654
0.000762471
0.000791167
0.000825142
0.000862531
0.000906865
0.000957026
0.120659
0.0538504
0.0301995
0.0196459
0.0140913
0.0107983
0.00866779
0.00719554
0.00612643
0.00531882
0.00469007
0.0041876
0.00377822
0.00343821
0.00315227
0.00290807
0.00269791
0.00251457
0.00235404
0.00221163
0.00208526
0.0019716
0.0018697
0.00177699
0.00169317
0.00161617
0.00154609
0.00148117
0.00142175
0.00136629
0.00131531
0.00126742
0.00122322
0.00118145
0.0011428
0.00110607
0.00107199
0.00103944
0.0010092
0.000980157
0.000953155
0.000927092
0.000902854
0.000879344
0.000857481
0.000836184
0.000816376
0.000797017
0.000779002
0.000761362
0.000744928
0.000728824
0.000713805
0.000699087
0.000685358
0.000671905
0.000659374
0.000647103
0.000635705
0.000624551
0.000614266
0.000604193
0.000595036
0.000586042
0.000578066
0.000570225
0.000563501
0.000556876
0.000551478
0.000546268
0.000542382
0.000538805
0.00053668
0.000535027
0.00053508
0.000536372
0.00053843
0.00054218
0.000548466
0.000556892
0.120657
0.0538402
0.0301908
0.0196406
0.0140871
0.010794
0.00866317
0.00719099
0.00612203
0.0053148
0.00468631
0.00418423
0.00377503
0.00343536
0.00314954
0.00290562
0.00269552
0.00251243
0.00235192
0.00220973
0.00208334
0.0019699
0.00186795
0.00177545
0.00169157
0.00161477
0.00154461
0.00147987
0.00142036
0.00136509
0.00131401
0.00126629
0.00122199
0.00118039
0.00114163
0.00110505
0.00107087
0.00103847
0.00100811
0.000979204
0.000952075
0.000926141
0.000901762
0.000878365
0.000856345
0.000835138
0.000815154
0.000795851
0.000777635
0.000760002
0.00074333
0.000727169
0.000711857
0.000697002
0.000682895
0.000669204
0.000656176
0.000643526
0.000631475
0.00061976
0.000608602
0.000597734
0.000587402
0.00057731
0.00056775
0.000558381
0.000549551
0.000540871
0.000532737
0.000524729
0.000517276
0.000509942
0.00050317
0.00049654
0.000490471
0.000484622
0.000479347
0.000474359
0.000470033
0.000466243
0.120655
0.0538308
0.0301812
0.0196331
0.0140811
0.0107888
0.00865831
0.00718653
0.00611789
0.00531104
0.00468282
0.00418107
0.00377208
0.00343267
0.00314699
0.00290328
0.00269328
0.00251038
0.00234992
0.00220789
0.00208154
0.00196824
0.00186631
0.00177394
0.00169006
0.00161338
0.00154322
0.00147859
0.00141907
0.00136389
0.0013128
0.00126517
0.00122085
0.00117934
0.00114056
0.00110406
0.00106985
0.00103752
0.00100713
0.000978306
0.000951138
0.000925281
0.000900858
0.000877536
0.000855467
0.000834331
0.000814295
0.000795057
0.000776786
0.000759207
0.000742479
0.000726359
0.000710986
0.000696156
0.000681981
0.000668296
0.000655187
0.000642521
0.000630366
0.00061861
0.000607315
0.000596375
0.000585857
0.000575653
0.000565841
0.000556303
0.000547136
0.000538206
0.000529628
0.00052126
0.000513221
0.000505376
0.000497836
0.000490482
0.000483408
0.000476522
0.000469893
0.000463463
0.00045728
0.000451324
0.120653
0.0538232
0.0301732
0.0196274
0.0140765
0.0107845
0.00865418
0.00718258
0.00611416
0.00530762
0.00467966
0.00417819
0.0037694
0.00343021
0.00314468
0.00290115
0.00269125
0.00250849
0.00234811
0.0022062
0.0020799
0.00196671
0.00186482
0.00177254
0.00168869
0.00161209
0.00154194
0.00147739
0.00141788
0.00136277
0.00131169
0.00126412
0.00121981
0.00117835
0.00113957
0.00110312
0.00106891
0.00103663
0.00100624
0.000977461
0.000950284
0.000924474
0.000900038
0.000876764
0.000854678
0.000833589
0.000813534
0.00079434
0.000776051
0.000758511
0.000741767
0.00072568
0.000710294
0.00069549
0.000681305
0.000667639
0.000654521
0.000641868
0.000629703
0.000617955
0.000606645
0.000595709
0.000585169
0.000574965
0.000565121
0.000555578
0.000546364
0.000537422
0.000528781
0.000520387
0.000512266
0.000504374
0.00049673
0.000489298
0.00048209
0.000475082
0.000468277
0.00046166
0.000455231
0.000448985
0.120652
0.0538172
0.0301653
0.0196199
0.0140701
0.0107791
0.00864956
0.00717856
0.00611059
0.00530443
0.00467675
0.00417555
0.00376695
0.00342796
0.00314257
0.00289919
0.0026894
0.00250676
0.00234646
0.00220465
0.00207841
0.0019653
0.00186346
0.00177125
0.00168744
0.0016109
0.00154079
0.00147629
0.00141681
0.00136175
0.00131068
0.00126316
0.00121886
0.00117744
0.00113867
0.00110226
0.00106806
0.00103582
0.00100543
0.000976685
0.000949511
0.000923733
0.000899297
0.000876054
0.000853967
0.000832907
0.00081285
0.000793683
0.000775391
0.000757877
0.00074113
0.000725066
0.000709678
0.000694893
0.000680708
0.000667058
0.00065394
0.000641301
0.000629137
0.000617401
0.000606091
0.000595166
0.000584626
0.000574432
0.000564585
0.000555052
0.000545833
0.0005369
0.000528252
0.000519864
0.000511735
0.000503846
0.000496191
0.000488757
0.000481537
0.00047452
0.000467698
0.000461066
0.000454613
0.000448341
0.120651
0.0538131
0.0301598
0.0196144
0.0140652
0.0107748
0.00864564
0.00717506
0.00610744
0.00530158
0.00467415
0.00417316
0.00376474
0.00342591
0.00314066
0.00289741
0.00268772
0.00250518
0.00234496
0.00220324
0.00207706
0.00196403
0.00186223
0.00177008
0.00168631
0.00160983
0.00153975
0.00147529
0.00141584
0.00136082
0.00130977
0.00126228
0.00121801
0.00117662
0.00113787
0.00110149
0.0010673
0.00103508
0.0010047
0.000975982
0.000948816
0.000923062
0.000898632
0.000875411
0.00085333
0.00083229
0.000812237
0.000793089
0.000774801
0.000757303
0.00074056
0.000724511
0.000709127
0.000694356
0.000680174
0.000666536
0.000653422
0.000640794
0.000628633
0.000616908
0.000605601
0.000594686
0.000584148
0.000573962
0.000564118
0.000554593
0.000545376
0.00053645
0.000527804
0.000519423
0.000511296
0.000503412
0.000495759
0.00048833
0.000481111
0.000474099
0.000467279
0.00046065
0.000454199
0.000447928
0.12065
0.0538096
0.0301556
0.0196099
0.0140607
0.0107707
0.00864207
0.00717191
0.00610462
0.00529903
0.00467182
0.00417103
0.00376277
0.00342408
0.00313895
0.00289581
0.00268621
0.00250377
0.00234362
0.00220197
0.00207585
0.00196288
0.00186113
0.00176903
0.0016853
0.00160886
0.00153881
0.00147439
0.00141497
0.00135998
0.00130896
0.0012615
0.00121724
0.00117588
0.00113714
0.00110079
0.00106661
0.00103442
0.00100405
0.000975351
0.000948196
0.00092246
0.000898039
0.000874835
0.000852761
0.000831737
0.000811691
0.000792557
0.000774275
0.00075679
0.000740053
0.000724016
0.000708637
0.000693877
0.0006797
0.000666072
0.000652962
0.000640343
0.000628187
0.000616469
0.000605167
0.000594259
0.000583724
0.000573547
0.000563705
0.000554187
0.000544973
0.000536054
0.00052741
0.000519035
0.000510911
0.000503032
0.000495382
0.000487958
0.000480743
0.000473734
0.000466918
0.000460293
0.000453847
0.00044758
0.120649
0.0538066
0.0301527
0.0196074
0.0140583
0.0107682
0.00863954
0.00716945
0.00610228
0.00529685
0.00466979
0.00416914
0.00376102
0.00342246
0.00313742
0.00289439
0.00268487
0.0025025
0.00234242
0.00220084
0.00207477
0.00196185
0.00186014
0.00176809
0.0016844
0.00160799
0.00153797
0.00147359
0.00141419
0.00135923
0.00130823
0.0012608
0.00121656
0.00117522
0.0011365
0.00110016
0.001066
0.00103383
0.00100347
0.000974788
0.000947644
0.000921923
0.000897513
0.000874321
0.000852257
0.000831244
0.000811207
0.000792083
0.000773809
0.000756335
0.000739604
0.000723576
0.000708203
0.000693452
0.00067928
0.00066566
0.000652556
0.000639944
0.000627792
0.000616082
0.000604784
0.000593882
0.000583352
0.00057318
0.000563342
0.000553829
0.00054462
0.000535705
0.000527065
0.000518694
0.000510574
0.000502699
0.000495053
0.000487632
0.00048042
0.000473416
0.000466603
0.000459983
0.00045354
0.000447276
0.120649
0.053804
0.0301495
0.0196048
0.0140559
0.0107659
0.00863729
0.00716727
0.00610022
0.00529492
0.004668
0.00416748
0.00375947
0.00342102
0.00313608
0.00289313
0.00268368
0.00250138
0.00234136
0.00219983
0.00207381
0.00196093
0.00185927
0.00176725
0.00168359
0.00160722
0.00153723
0.00147287
0.0014135
0.00135856
0.00130759
0.00126017
0.00121595
0.00117463
0.00113593
0.00109961
0.00106546
0.0010333
0.00100296
0.000974289
0.000947156
0.000921447
0.000897047
0.000873866
0.000851811
0.000830808
0.000810779
0.000791665
0.000773399
0.000755932
0.000739208
0.000723188
0.000707822
0.000693077
0.000678911
0.000665298
0.000652199
0.000639593
0.000627446
0.000615741
0.000604448
0.000593551
0.000583025
0.000572858
0.000563025
0.000553516
0.00054431
0.000535399
0.000526763
0.000518396
0.000510279
0.000502408
0.000494765
0.000487348
0.00048014
0.000473139
0.00046633
0.000459712
0.000453273
0.000447012
0.120648
0.0538023
0.0301466
0.019602
0.0140535
0.0107636
0.00863516
0.00716529
0.00609838
0.00529322
0.00466643
0.00416603
0.00375812
0.00341976
0.0031349
0.00289202
0.00268264
0.0025004
0.00234042
0.00219894
0.00207297
0.00196013
0.0018585
0.00176652
0.00168289
0.00160654
0.00153658
0.00147224
0.00141289
0.00135797
0.00130702
0.00125962
0.00121542
0.00117411
0.00113543
0.00109912
0.00106499
0.00103284
0.00100251
0.000973849
0.000946727
0.000921028
0.000896638
0.000873466
0.00085142
0.000830425
0.000810404
0.000791297
0.000773038
0.000755578
0.000738862
0.000722847
0.000707487
0.000692748
0.000678588
0.00066498
0.000651887
0.000639286
0.000627144
0.000615443
0.000604154
0.000593262
0.000582741
0.000572577
0.000562748
0.000553243
0.000544041
0.000535133
0.000526501
0.000518137
0.000510023
0.000502155
0.000494516
0.000487101
0.000479896
0.000472898
0.000466093
0.000459479
0.000453042
0.000446784
0.120648
0.0538012
0.0301445
0.0195996
0.0140512
0.0107615
0.00863323
0.00716353
0.00609677
0.00529175
0.00466507
0.00416477
0.00375695
0.00341866
0.00313387
0.00289105
0.00268173
0.00249953
0.00233961
0.00219817
0.00207223
0.00195942
0.00185783
0.00176587
0.00168227
0.00160595
0.001536
0.00147169
0.00141236
0.00135746
0.00130652
0.00125914
0.00121495
0.00117366
0.00113499
0.00109869
0.00106457
0.00103243
0.00100211
0.000973465
0.000946353
0.000920662
0.00089628
0.000873117
0.000851078
0.000830091
0.000810077
0.000790976
0.000772724
0.00075527
0.000738559
0.000722551
0.000707196
0.000692462
0.000678308
0.000664704
0.000651615
0.000639018
0.000626881
0.000615184
0.0006039
0.000593011
0.000582493
0.000572333
0.000562508
0.000553006
0.000543807
0.000534903
0.000526273
0.000517912
0.000509802
0.000501937
0.0004943
0.000486889
0.000479687
0.000472691
0.000465889
0.000459277
0.000452843
0.000446587
0.120648
0.0538005
0.0301431
0.0195978
0.0140493
0.0107598
0.00863162
0.00716206
0.00609542
0.0052905
0.00466391
0.00416369
0.00375594
0.00341772
0.00313299
0.00289022
0.00268094
0.00249879
0.0023389
0.0021975
0.00207159
0.00195881
0.00185724
0.00176531
0.00168173
0.00160543
0.00153551
0.00147121
0.0014119
0.00135702
0.00130609
0.00125872
0.00121455
0.00117327
0.00113461
0.00109832
0.00106421
0.00103208
0.00100177
0.000973133
0.000946029
0.000920345
0.000895971
0.000872814
0.000850783
0.000829802
0.000809794
0.000790699
0.000772453
0.000755004
0.000738299
0.000722295
0.000706945
0.000692216
0.000678065
0.000664466
0.000651381
0.000638788
0.000626655
0.000614962
0.000603681
0.000592795
0.000582281
0.000572124
0.000562301
0.000552802
0.000543607
0.000534705
0.000526079
0.00051772
0.000509612
0.000501749
0.000494116
0.000486706
0.000479507
0.000472514
0.000465714
0.000459104
0.000452673
0.000446418
0.120648
0.0537998
0.030142
0.0195965
0.014048
0.0107585
0.00863039
0.00716088
0.00609432
0.00528946
0.00466294
0.00416279
0.00375509
0.00341692
0.00313224
0.00288951
0.00268027
0.00249816
0.0023383
0.00219692
0.00207105
0.0019583
0.00185675
0.00176484
0.00168127
0.00160499
0.00153509
0.00147081
0.0014115
0.00135664
0.00130573
0.00125837
0.00121421
0.00117294
0.00113428
0.00109801
0.0010639
0.00103178
0.00100148
0.000972849
0.000945752
0.000920075
0.000895708
0.000872557
0.000850531
0.000829555
0.000809554
0.000790463
0.000772222
0.000754778
0.000738077
0.000722077
0.000706732
0.000692006
0.00067786
0.000664263
0.000651183
0.000638592
0.000626463
0.000614772
0.000603495
0.000592612
0.000582101
0.000571946
0.000562127
0.00055263
0.000543437
0.000534537
0.000525914
0.000517557
0.000509452
0.000501591
0.00049396
0.000486552
0.000479355
0.000472364
0.000465566
0.000458959
0.000452529
0.000446275
0.120648
0.0537993
0.0301411
0.0195955
0.014047
0.0107575
0.00862939
0.00715993
0.00609342
0.00528862
0.00466215
0.00416204
0.00375439
0.00341627
0.00313162
0.00288893
0.00267972
0.00249763
0.0023378
0.00219645
0.0020706
0.00195786
0.00185633
0.00176444
0.00168089
0.00160463
0.00153473
0.00147047
0.00141118
0.00135632
0.00130542
0.00125807
0.00121392
0.00117266
0.00113401
0.00109775
0.00106365
0.00103154
0.00100124
0.000972613
0.000945523
0.000919851
0.000895489
0.000872343
0.000850323
0.000829351
0.000809354
0.000790267
0.00077203
0.00075459
0.000737893
0.000721896
0.000706554
0.000691832
0.000677689
0.000664095
0.000651018
0.00063843
0.000626304
0.000614616
0.000603341
0.00059246
0.000581952
0.000571799
0.000561982
0.000552487
0.000543297
0.000534399
0.000525777
0.000517422
0.000509319
0.00050146
0.000493831
0.000486425
0.00047923
0.000472241
0.000465445
0.000458839
0.000452411
0.000446158
0.120648
0.0537989
0.0301403
0.0195946
0.014046
0.0107566
0.00862856
0.00715916
0.0060927
0.00528795
0.00466153
0.00416146
0.00375385
0.00341575
0.00313113
0.00288847
0.00267929
0.00249722
0.00233741
0.00219608
0.00207024
0.00195752
0.00185601
0.00176413
0.00168059
0.00160434
0.00153446
0.0014702
0.00141092
0.00135607
0.00130518
0.00125784
0.00121369
0.00117244
0.0011338
0.00109754
0.00106345
0.00103134
0.00100105
0.000972427
0.000945341
0.000919674
0.000895316
0.000872174
0.000850157
0.000829189
0.000809196
0.000790113
0.000771879
0.000754441
0.000737747
0.000721753
0.000706415
0.000691694
0.000677554
0.000663963
0.000650888
0.000638303
0.000626178
0.000614492
0.000603219
0.000592341
0.000581834
0.000571683
0.000561868
0.000552375
0.000543186
0.00053429
0.00052567
0.000517317
0.000509215
0.000501357
0.00049373
0.000486325
0.000479132
0.000472144
0.000465349
0.000458744
0.000452317
0.000446066
0.120648
0.0537987
0.03014
0.0195941
0.0140455
0.010756
0.00862802
0.00715865
0.00609222
0.0052875
0.0046611
0.00416106
0.00375347
0.0034154
0.0031308
0.00288815
0.00267899
0.00249694
0.00233714
0.00219582
0.00206999
0.00195729
0.00185578
0.00176391
0.00168039
0.00160414
0.00153427
0.00147001
0.00141074
0.0013559
0.00130501
0.00125768
0.00121354
0.00117229
0.00113365
0.0010974
0.00106331
0.00103121
0.00100092
0.000972299
0.000945216
0.000919552
0.000895198
0.000872058
0.000850044
0.000829078
0.000809087
0.000790007
0.000771775
0.000754339
0.000737648
0.000721655
0.000706319
0.0006916
0.000677462
0.000663872
0.000650799
0.000638215
0.000626092
0.000614407
0.000603136
0.000592259
0.000581753
0.000571604
0.00056179
0.000552298
0.00054311
0.000534215
0.000525596
0.000517244
0.000509144
0.000501287
0.00049366
0.000486257
0.000479065
0.000472078
0.000465284
0.00045868
0.000452254
0.000446002
0.120648
0.053799
0.0301404
0.0195948
0.0140462
0.0107565
0.00862826
0.00715871
0.00609218
0.0052874
0.00466098
0.00416093
0.00375334
0.00341527
0.00313068
0.00288803
0.00267887
0.00249683
0.00233704
0.00219572
0.0020699
0.00195719
0.00185569
0.00176382
0.0016803
0.00160406
0.00153418
0.00146994
0.00141067
0.00135582
0.00130494
0.00125761
0.00121347
0.00117222
0.00113359
0.00109733
0.00106325
0.00103115
0.00100086
0.000972242
0.000945161
0.000919498
0.000895144
0.000872006
0.000849993
0.000829028
0.000809038
0.000789958
0.000771728
0.000754293
0.000737602
0.000721611
0.000706275
0.000691557
0.000677419
0.00066383
0.000650758
0.000638174
0.000626052
0.000614368
0.000603097
0.000592221
0.000581716
0.000571567
0.000561753
0.000552262
0.000543075
0.00053418
0.000525562
0.00051721
0.00050911
0.000501254
0.000493628
0.000486225
0.000479033
0.000472046
0.000465253
0.000458649
0.000452223
0.000445972
0.0130875
0.0128157
0.0126045
0.0124836
0.0123913
0.0123979
0.0124305
0.0125198
0.0126632
0.0128544
0.0130887
0.0133622
0.0136704
0.0140107
0.014378
0.0147707
0.0151865
0.0156215
0.0160724
0.0165367
0.0170113
0.0174938
0.0179812
0.0184717
0.0189626
0.0194531
0.0199403
0.0204255
0.0209114
0.021398
0.021886
0.0223758
0.0228691
0.0233661
0.0238675
0.0243745
0.0248893
0.0254147
0.0259545
0.0265143
0.0271017
0.027727
0.0284054
0.0291575
0.0300133
0.0310121
0.0322084
0.0336616
0.035454
0.0376358
0.0403485
0.0436453
0.0471292
0.0504302
0.0501291
0.0135601
0.0135762
0.0135972
0.0136186
0.0136397
0.0136644
0.0136935
0.0137277
0.0137682
0.0138162
0.0138729
0.0139392
0.0140159
0.0141038
0.0142031
0.0143157
0.0144414
0.0145786
0.014727
0.0148865
0.0150569
0.0152378
0.0154288
0.0156294
0.0158392
0.0160579
0.0162851
0.0165205
0.0167646
0.0170173
0.0172787
0.0175489
0.0178285
0.018118
0.018418
0.0187299
0.0190551
0.0193957
0.0197545
0.0201348
0.0205414
0.0209797
0.0214576
0.0219839
0.0225705
0.0232314
0.0239847
0.0248505
0.0258588
0.0270425
0.0284539
0.0301566
0.0322213
0.0345563
0.0375327
0.0128051
0.0128108
0.0128209
0.0128349
0.0128514
0.0128696
0.0128894
0.0129103
0.012932
0.0129544
0.0129776
0.0130015
0.0130262
0.013052
0.0130789
0.0131052
0.0131318
0.0131603
0.0131909
0.0132239
0.0132597
0.0132984
0.0133405
0.013386
0.0134355
0.013489
0.0135471
0.0136099
0.0136777
0.0137511
0.0138302
0.0139156
0.0140077
0.0141073
0.014215
0.0143318
0.0144587
0.014597
0.014748
0.0149136
0.015096
0.0152977
0.0155218
0.0157717
0.0160529
0.0163676
0.0167259
0.0171252
0.0175882
0.0180938
0.0187032
0.019329
0.0201551
0.0208968
0.022202
0.0120855
0.0120944
0.0121047
0.012116
0.0121278
0.01214
0.0121522
0.0121642
0.012176
0.0121872
0.0121978
0.0122078
0.0122169
0.0122253
0.012233
0.0122399
0.0122461
0.0122517
0.0122568
0.0122615
0.012266
0.0122705
0.0122752
0.0122802
0.0122859
0.0122924
0.0122999
0.0123089
0.0123194
0.0123319
0.0123466
0.0123639
0.0123842
0.0124077
0.012435
0.0124666
0.0125029
0.0125447
0.0125927
0.0126477
0.0127105
0.0127822
0.0128639
0.0129566
0.0130621
0.0131806
0.0133158
0.0134645
0.0136361
0.013817
0.0140339
0.0142426
0.0145173
0.014748
0.0151362
0.011284
0.011289
0.0112947
0.0113011
0.0113081
0.0113156
0.0113233
0.0113313
0.0113392
0.0113471
0.0113547
0.0113619
0.0113687
0.011375
0.0113807
0.0113857
0.0113901
0.0113939
0.0113971
0.0113997
0.0114017
0.0114033
0.0114045
0.0114054
0.0114062
0.0114069
0.0114078
0.0114089
0.0114105
0.0114127
0.0114157
0.0114197
0.0114249
0.0114316
0.01144
0.0114503
0.0114629
0.0114781
0.0114962
0.0115175
0.0115423
0.0115711
0.0116041
0.0116417
0.0116843
0.0117318
0.011785
0.0118429
0.0119074
0.0119745
0.0120513
0.0121231
0.0122154
0.0122799
0.0124025
0.0103711
0.010377
0.0103832
0.0103898
0.0103966
0.0104036
0.0104106
0.0104176
0.0104245
0.0104313
0.0104378
0.010444
0.0104499
0.0104554
0.0104604
0.0104651
0.0104692
0.010473
0.0104763
0.0104791
0.0104816
0.0104838
0.0104857
0.0104873
0.0104888
0.0104903
0.0104917
0.0104932
0.010495
0.010497
0.0104995
0.0105025
0.0105062
0.0105107
0.0105162
0.0105227
0.0105305
0.0105396
0.0105503
0.0105626
0.0105767
0.0105926
0.0106105
0.0106305
0.0106525
0.0106766
0.0107026
0.0107304
0.0107599
0.0107903
0.0108224
0.0108535
0.0108871
0.0109157
0.0109493
0.00932626
0.00933183
0.00933753
0.00934336
0.00934929
0.00935529
0.00936134
0.0093674
0.00937344
0.00937941
0.00938529
0.00939104
0.00939664
0.00940206
0.00940729
0.0094123
0.00941709
0.00942165
0.009426
0.00943013
0.00943407
0.00943783
0.00944146
0.00944497
0.00944841
0.00945182
0.00945526
0.00945877
0.00946243
0.00946628
0.0094704
0.00947486
0.00947972
0.00948506
0.00949095
0.00949746
0.00950465
0.0095126
0.00952136
0.00953098
0.0095415
0.00955294
0.0095653
0.00957857
0.00959271
0.00960764
0.00962327
0.00963944
0.009656
0.00967271
0.00968934
0.00970571
0.00972089
0.009737
0.00974596
0.00812795
0.00813366
0.00813945
0.0081453
0.0081512
0.00815714
0.00816312
0.0081691
0.00817508
0.00818103
0.00818694
0.00819279
0.00819857
0.00820425
0.00820984
0.00821532
0.00822069
0.00822595
0.0082311
0.00823614
0.00824109
0.00824595
0.00825075
0.0082555
0.00826023
0.00826496
0.00826972
0.00827454
0.00827946
0.00828451
0.00828972
0.00829514
0.0083008
0.00830673
0.00831297
0.00831956
0.00832652
0.00833389
0.00834167
0.00834988
0.00835853
0.0083676
0.00837709
0.00838697
0.00839718
0.00840766
0.00841835
0.00842914
0.00843992
0.00845058
0.0084609
0.008471
0.00847993
0.00848958
0.00849488
0.00676133
0.0067673
0.00677331
0.00677935
0.00678542
0.00679152
0.00679763
0.00680376
0.00680989
0.00681602
0.00682213
0.00682823
0.0068343
0.00684034
0.00684634
0.00685231
0.00685824
0.00686412
0.00686996
0.00687577
0.00688155
0.0068873
0.00689303
0.00689875
0.00690448
0.00691022
0.00691599
0.00692181
0.00692769
0.00693364
0.0069397
0.00694586
0.00695215
0.00695859
0.00696518
0.00697195
0.00697889
0.00698602
0.00699334
0.00700085
0.00700854
0.0070164
0.0070244
0.00703254
0.00704076
0.00704903
0.0070573
0.00706552
0.00707361
0.00708153
0.00708914
0.00709646
0.00710328
0.00710936
0.00711769
0.00523416
0.0052404
0.00524667
0.00525296
0.00525928
0.00526563
0.005272
0.00527838
0.00528478
0.00529119
0.0052976
0.00530403
0.00531045
0.00531687
0.00532328
0.00532969
0.00533609
0.00534248
0.00534886
0.00535523
0.0053616
0.00536796
0.00537432
0.00538068
0.00538705
0.00539343
0.00539983
0.00540625
0.0054127
0.00541919
0.00542572
0.0054323
0.00543893
0.00544562
0.00545238
0.00545921
0.0054661
0.00547307
0.0054801
0.00548719
0.00549433
0.00550152
0.00550874
0.00551597
0.0055232
0.00553039
0.00553754
0.00554455
0.00555153
0.0055582
0.00556492
0.00557099
0.00557751
0.00558215
0.00559114
0.00360567
0.00361184
0.00361803
0.00362425
0.00363049
0.00363675
0.00364303
0.00364933
0.00365565
0.00366199
0.00366834
0.00367471
0.00368109
0.00368747
0.00369387
0.00370028
0.0037067
0.00371312
0.00371954
0.00372598
0.00373242
0.00373886
0.00374531
0.00375177
0.00375824
0.00376471
0.0037712
0.0037777
0.00378421
0.00379074
0.00379728
0.00380384
0.00381043
0.00381703
0.00382365
0.0038303
0.00383696
0.00384363
0.00385033
0.00385702
0.00386373
0.00387042
0.00387712
0.00388377
0.00389042
0.00389697
0.00390356
0.00390991
0.00391643
0.00392244
0.00392893
0.00393434
0.00394105
0.0039452
0.00395359
0.00205962
0.00206466
0.00206972
0.0020748
0.00207991
0.00208504
0.00209019
0.00209536
0.00210055
0.00210576
0.00211099
0.00211623
0.0021215
0.00212679
0.00213209
0.00213741
0.00214274
0.00214809
0.00215345
0.00215883
0.00216422
0.00216962
0.00217503
0.00218046
0.00218589
0.00219134
0.0021968
0.00220226
0.00220774
0.00221323
0.00221873
0.00222423
0.00222975
0.00223527
0.0022408
0.00224634
0.00225189
0.00225743
0.00226298
0.00226852
0.00227406
0.00227958
0.00228511
0.00229059
0.00229609
0.00230149
0.00230696
0.00231224
0.00231768
0.00232276
0.00232821
0.00233295
0.00233853
0.00234275
0.00234807
0.000989102
0.00099155
0.000994013
0.000996492
0.000998987
0.0010015
0.00100403
0.00100657
0.00100913
0.00101171
0.0010143
0.00101691
0.00101954
0.00102218
0.00102484
0.00102751
0.0010302
0.0010329
0.00103562
0.00103835
0.00104109
0.00104385
0.00104662
0.0010494
0.00105219
0.00105499
0.0010578
0.00106063
0.00106346
0.0010663
0.00106916
0.00107202
0.00107489
0.00107777
0.00108066
0.00108356
0.00108646
0.00108937
0.00109229
0.0010952
0.00109812
0.00110103
0.00110396
0.00110686
0.00110978
0.00111267
0.00111558
0.00111843
0.00112133
0.00112413
0.001127
0.00112973
0.00113258
0.00113529
0.00113773
0.000563347
0.000563844
0.000564347
0.000564857
0.000565374
0.000565898
0.000566429
0.000566966
0.000567511
0.000568062
0.00056862
0.000569184
0.000569754
0.000570331
0.000570913
0.000571501
0.000572094
0.000572692
0.000573296
0.000573904
0.000574517
0.000575134
0.000575757
0.000576383
0.000577014
0.00057765
0.00057829
0.000578935
0.000579584
0.000580238
0.000580897
0.00058156
0.000582228
0.000582899
0.000583576
0.000584254
0.000584939
0.000585624
0.000586316
0.000587006
0.000587702
0.000588395
0.000589095
0.000589788
0.00059049
0.000591181
0.000591882
0.000592568
0.000593266
0.000593944
0.000594637
0.000595303
0.000595988
0.000596653
0.000597255
0.000464752
0.000464641
0.000464531
0.000464424
0.000464318
0.000464213
0.00046411
0.000464009
0.00046391
0.000463812
0.000463715
0.000463621
0.000463527
0.000463436
0.000463345
0.000463256
0.000463168
0.000463082
0.000462996
0.000462912
0.000462829
0.000462747
0.000462667
0.000462587
0.000462509
0.000462431
0.000462355
0.00046228
0.000462207
0.000462134
0.000462063
0.000461993
0.000461925
0.000461857
0.000461791
0.000461726
0.000461662
0.000461598
0.000461537
0.000461475
0.000461415
0.000461355
0.000461296
0.000461237
0.000461179
0.000461121
0.000461064
0.000461006
0.000460948
0.000460891
0.000460833
0.000460774
0.00046072
0.000460639
0.000460618
0.000448377
0.000448154
0.000447933
0.000447711
0.00044749
0.00044727
0.00044705
0.00044683
0.000446611
0.000446393
0.000446175
0.000445957
0.00044574
0.000445524
0.000445307
0.000445092
0.000444877
0.000444662
0.000444448
0.000444234
0.000444021
0.000443808
0.000443595
0.000443383
0.000443172
0.000442961
0.00044275
0.00044254
0.00044233
0.000442121
0.000441912
0.000441704
0.000441496
0.000441289
0.000441082
0.000440876
0.00044067
0.000440464
0.00044026
0.000440055
0.000439851
0.000439647
0.000439445
0.000439241
0.00043904
0.000438836
0.000438636
0.000438433
0.000438234
0.000438031
0.000437834
0.00043763
0.000437435
0.000437229
0.000437058
0.000445839
0.000445601
0.000445364
0.000445127
0.00044489
0.000444654
0.000444418
0.000444182
0.000443947
0.000443712
0.000443477
0.000443243
0.000443009
0.000442775
0.000442541
0.000442308
0.000442075
0.000441843
0.000441611
0.000441379
0.000441148
0.000440916
0.000440686
0.000440455
0.000440225
0.000439995
0.000439766
0.000439536
0.000439308
0.000439079
0.000438851
0.000438623
0.000438396
0.000438168
0.000437942
0.000437715
0.00043749
0.000437263
0.000437039
0.000436812
0.000436589
0.000436363
0.000436141
0.000435914
0.000435694
0.000435467
0.000435249
0.000435022
0.000434805
0.000434577
0.000434363
0.000434133
0.000433922
0.00043369
0.000433495
0.000445174
0.000444934
0.000444695
0.000444457
0.000444218
0.00044398
0.000443742
0.000443505
0.000443268
0.000443031
0.000442794
0.000442558
0.000442322
0.000442086
0.00044185
0.000441615
0.00044138
0.000441145
0.000440911
0.000440677
0.000440444
0.00044021
0.000439977
0.000439744
0.000439512
0.000439279
0.000439048
0.000438815
0.000438585
0.000438353
0.000438123
0.000437892
0.000437662
0.000437431
0.000437203
0.000436972
0.000436745
0.000436514
0.000436288
0.000436058
0.000435833
0.000435602
0.000435379
0.000435147
0.000434926
0.000434693
0.000434474
0.000434241
0.000434024
0.000433788
0.000433576
0.000433337
0.000433129
0.000432887
0.00043268
0.00044476
0.000444521
0.000444282
0.000444043
0.000443804
0.000443566
0.000443328
0.00044309
0.000442853
0.000442616
0.000442379
0.000442142
0.000441906
0.00044167
0.000441434
0.000441199
0.000440963
0.000440728
0.000440494
0.000440259
0.000440025
0.000439791
0.000439558
0.000439325
0.000439092
0.000438859
0.000438627
0.000438394
0.000438163
0.000437931
0.0004377
0.000437468
0.000437238
0.000437007
0.000436778
0.000436546
0.000436318
0.000436087
0.00043586
0.000435629
0.000435403
0.000435171
0.000434947
0.000434715
0.000434492
0.00043426
0.000434039
0.000433805
0.000433587
0.000433351
0.000433136
0.000432898
0.000432687
0.000432446
0.000432237
0.000444413
0.000444173
0.000443934
0.000443695
0.000443457
0.000443219
0.000442981
0.000442743
0.000442505
0.000442268
0.000442031
0.000441795
0.000441558
0.000441322
0.000441086
0.000440851
0.000440615
0.00044038
0.000440146
0.000439911
0.000439677
0.000439443
0.000439209
0.000438975
0.000438742
0.000438509
0.000438277
0.000438044
0.000437812
0.00043758
0.000437349
0.000437117
0.000436887
0.000436655
0.000436425
0.000436194
0.000435965
0.000435734
0.000435506
0.000435275
0.000435048
0.000434817
0.000434591
0.000434359
0.000434135
0.000433903
0.000433681
0.000433447
0.000433227
0.000432992
0.000432775
0.000432538
0.000432325
0.000432084
0.000431875
0.00044411
0.000443871
0.000443632
0.000443393
0.000443154
0.000442916
0.000442678
0.00044244
0.000442203
0.000441966
0.000441729
0.000441492
0.000441256
0.000441019
0.000440784
0.000440548
0.000440313
0.000440077
0.000439843
0.000439608
0.000439374
0.000439139
0.000438906
0.000438672
0.000438439
0.000438206
0.000437973
0.00043774
0.000437508
0.000437276
0.000437044
0.000436812
0.000436582
0.00043635
0.00043612
0.000435888
0.000435659
0.000435428
0.0004352
0.000434968
0.000434741
0.00043451
0.000434284
0.000434052
0.000433827
0.000433595
0.000433372
0.000433138
0.000432918
0.000432683
0.000432465
0.000432228
0.000432014
0.000431773
0.000431564
0.000443847
0.000443607
0.000443368
0.000443129
0.000442891
0.000442653
0.000442415
0.000442177
0.00044194
0.000441702
0.000441466
0.000441229
0.000440992
0.000440756
0.00044052
0.000440285
0.000440049
0.000439814
0.000439579
0.000439344
0.00043911
0.000438876
0.000438642
0.000438408
0.000438175
0.000437942
0.000437709
0.000437476
0.000437244
0.000437011
0.00043678
0.000436548
0.000436317
0.000436085
0.000435855
0.000435623
0.000435394
0.000435162
0.000434934
0.000434702
0.000434475
0.000434243
0.000434017
0.000433785
0.000433561
0.000433328
0.000433105
0.000432871
0.000432651
0.000432415
0.000432198
0.000431959
0.000431746
0.000431504
0.000431296
0.000443618
0.000443379
0.00044314
0.000442901
0.000442663
0.000442425
0.000442187
0.000441949
0.000441712
0.000441474
0.000441238
0.000441001
0.000440764
0.000440528
0.000440292
0.000440057
0.000439821
0.000439586
0.000439351
0.000439116
0.000438882
0.000438648
0.000438414
0.00043818
0.000437947
0.000437713
0.000437481
0.000437247
0.000437015
0.000436783
0.000436551
0.000436319
0.000436088
0.000435856
0.000435626
0.000435394
0.000435165
0.000434933
0.000434705
0.000434473
0.000434246
0.000434014
0.000433788
0.000433555
0.000433331
0.000433098
0.000432875
0.000432641
0.000432421
0.000432184
0.000431967
0.000431728
0.000431515
0.000431273
0.000431065
0.000443422
0.000443182
0.000442943
0.000442705
0.000442466
0.000442228
0.00044199
0.000441753
0.000441515
0.000441278
0.000441041
0.000440804
0.000440568
0.000440332
0.000440096
0.00043986
0.000439625
0.000439389
0.000439155
0.00043892
0.000438685
0.000438451
0.000438217
0.000437983
0.00043775
0.000437517
0.000437284
0.000437051
0.000436819
0.000436586
0.000436355
0.000436122
0.000435891
0.000435659
0.000435429
0.000435197
0.000434968
0.000434736
0.000434508
0.000434276
0.000434049
0.000433817
0.000433591
0.000433358
0.000433134
0.0004329
0.000432678
0.000432443
0.000432223
0.000431987
0.00043177
0.000431531
0.000431317
0.000431075
0.000430867
0.000443253
0.000443014
0.000442775
0.000442537
0.000442298
0.00044206
0.000441822
0.000441584
0.000441347
0.00044111
0.000440873
0.000440636
0.0004404
0.000440164
0.000439928
0.000439692
0.000439457
0.000439221
0.000438987
0.000438752
0.000438517
0.000438283
0.000438049
0.000437815
0.000437582
0.000437349
0.000437116
0.000436883
0.000436651
0.000436418
0.000436187
0.000435954
0.000435723
0.000435491
0.000435261
0.000435029
0.0004348
0.000434568
0.00043434
0.000434108
0.00043388
0.000433649
0.000433422
0.00043319
0.000432965
0.000432732
0.000432509
0.000432275
0.000432054
0.000431819
0.000431601
0.000431363
0.000431149
0.000430908
0.000430698
0.000443111
0.000442872
0.000442633
0.000442394
0.000442156
0.000441918
0.00044168
0.000441442
0.000441205
0.000440968
0.000440731
0.000440494
0.000440258
0.000440022
0.000439786
0.00043955
0.000439315
0.00043908
0.000438845
0.00043861
0.000438376
0.000438141
0.000437908
0.000437674
0.00043744
0.000437207
0.000436974
0.000436741
0.000436509
0.000436276
0.000436045
0.000435813
0.000435582
0.00043535
0.00043512
0.000434888
0.000434658
0.000434426
0.000434198
0.000433966
0.000433739
0.000433507
0.000433281
0.000433048
0.000432824
0.00043259
0.000432368
0.000432133
0.000431913
0.000431677
0.00043146
0.000431221
0.000431008
0.000430765
0.000430557
0.000442994
0.000442755
0.000442516
0.000442277
0.000442039
0.000441801
0.000441563
0.000441325
0.000441088
0.000440851
0.000440614
0.000440377
0.000440141
0.000439905
0.000439669
0.000439433
0.000439198
0.000438963
0.000438728
0.000438493
0.000438259
0.000438025
0.000437791
0.000437557
0.000437324
0.00043709
0.000436858
0.000436625
0.000436392
0.00043616
0.000435928
0.000435696
0.000435465
0.000435233
0.000435003
0.000434771
0.000434542
0.00043431
0.000434082
0.00043385
0.000433622
0.00043339
0.000433164
0.000432932
0.000432707
0.000432474
0.000432251
0.000432017
0.000431797
0.00043156
0.000431343
0.000431105
0.000430891
0.000430649
0.000430441
0.000442902
0.000442663
0.000442424
0.000442185
0.000441947
0.000441709
0.000441471
0.000441234
0.000440996
0.000440759
0.000440522
0.000440286
0.000440049
0.000439813
0.000439577
0.000439342
0.000439106
0.000438871
0.000438636
0.000438402
0.000438167
0.000437933
0.000437699
0.000437465
0.000437232
0.000436999
0.000436766
0.000436533
0.000436301
0.000436068
0.000435837
0.000435604
0.000435374
0.000435142
0.000434911
0.00043468
0.00043445
0.000434219
0.00043399
0.000433758
0.000433531
0.000433299
0.000433073
0.000432841
0.000432616
0.000432383
0.00043216
0.000431926
0.000431705
0.00043147
0.000431252
0.000431014
0.000430799
0.000430559
0.000430349
0.000442839
0.0004426
0.000442361
0.000442122
0.000441884
0.000441646
0.000441408
0.000441171
0.000440933
0.000440696
0.000440459
0.000440223
0.000439987
0.00043975
0.000439515
0.000439279
0.000439044
0.000438808
0.000438574
0.000438339
0.000438105
0.00043787
0.000437637
0.000437403
0.000437169
0.000436936
0.000436703
0.00043647
0.000436238
0.000436006
0.000435774
0.000435542
0.000435311
0.000435079
0.000434849
0.000434617
0.000434388
0.000434156
0.000433928
0.000433696
0.000433469
0.000433237
0.00043301
0.000432778
0.000432553
0.000432321
0.000432097
0.000431864
0.000431643
0.000431407
0.000431189
0.000430952
0.000430737
0.000430496
0.000430286
0.000442809
0.00044257
0.000442331
0.000442092
0.000441854
0.000441616
0.000441378
0.00044114
0.000440903
0.000440666
0.000440429
0.000440193
0.000439956
0.00043972
0.000439484
0.000439249
0.000439013
0.000438778
0.000438543
0.000438309
0.000438074
0.00043784
0.000437606
0.000437373
0.000437139
0.000436906
0.000436673
0.00043644
0.000436208
0.000435976
0.000435744
0.000435512
0.000435281
0.000435049
0.000434819
0.000434587
0.000434358
0.000434126
0.000433898
0.000433666
0.000433439
0.000433206
0.000432981
0.000432748
0.000432524
0.00043229
0.000432068
0.000431833
0.000431613
0.000431377
0.00043116
0.000430921
0.000430708
0.000430466
0.000430257
0.0293013
0.0196621
0.0163236
0.0150371
0.0144969
0.0141645
0.0139443
0.0138129
0.0137125
0.0136445
0.0135784
0.0135375
0.0134864
0.0134605
0.0134171
0.0133984
0.0133604
0.0291627
0.0234195
0.0201215
0.0181622
0.0168346
0.0159976
0.015415
0.0149938
0.0146628
0.0144198
0.0142108
0.0140657
0.013917
0.0138357
0.0137202
0.0136715
0.0135762
0.021473
0.0206158
0.0189576
0.0177483
0.0166682
0.0159152
0.0153419
0.0149044
0.0145391
0.0142629
0.0140139
0.0138344
0.0136514
0.0135368
0.013393
0.0133235
0.0131945
0.0154417
0.0161243
0.016143
0.0159267
0.0154534
0.0150186
0.0146332
0.014315
0.0140214
0.0137939
0.0135697
0.0134088
0.0132325
0.0131212
0.0129758
0.0129014
0.0127652
0.0123711
0.0127231
0.0133028
0.0135751
0.0135662
0.0134942
0.0133686
0.0132333
0.0130785
0.0129532
0.0128063
0.012704
0.0125735
0.0124947
0.0123783
0.0123165
0.0122037
0.010716
0.0108133
0.0111331
0.0114495
0.0116267
0.0117344
0.0117916
0.0118071
0.011796
0.0117759
0.0117306
0.011701
0.0116431
0.0116105
0.0115507
0.0115171
0.0114529
0.00950762
0.0095012
0.00959533
0.0097757
0.0099305
0.0100639
0.0101795
0.0102717
0.010337
0.0103936
0.010426
0.0104584
0.0104727
0.0104862
0.0104901
0.0104912
0.0104873
0.00834159
0.00827391
0.0083114
0.00838948
0.00847721
0.00856903
0.0086729
0.00876784
0.00885787
0.00893744
0.00901367
0.00907509
0.00914078
0.00918449
0.00924092
0.0092716
0.00932342
0.00703847
0.00697655
0.00701949
0.00706075
0.00711838
0.00717333
0.00725322
0.00732433
0.00741105
0.00748231
0.00757156
0.00763629
0.00772479
0.00778093
0.00786541
0.0079184
0.00800423
0.00556416
0.00555062
0.00561614
0.00565891
0.00571849
0.00575989
0.00583147
0.00588595
0.00596688
0.00602551
0.00611408
0.00617315
0.00626576
0.00632366
0.00641601
0.00648138
0.00658062
0.00396599
0.00397835
0.00405447
0.00412048
0.00420042
0.00425151
0.00433305
0.00438878
0.00447333
0.00452978
0.00461862
0.0046758
0.00476775
0.00482594
0.00491764
0.00498916
0.00509032
0.00238266
0.00241562
0.0024833
0.002554
0.00264388
0.00270329
0.0027926
0.00285346
0.00294355
0.00300327
0.00309427
0.00315331
0.00324504
0.00330455
0.00339426
0.00346873
0.00356811
0.00116495
0.00118715
0.00123033
0.00127084
0.00133655
0.00137651
0.00144636
0.0014913
0.0015656
0.00161317
0.00169059
0.00174054
0.00182016
0.00187294
0.00195115
0.0020206
0.00210915
0.000603963
0.000609966
0.000620849
0.00063171
0.00065059
0.000663502
0.000686848
0.000702284
0.000731609
0.000749081
0.00078372
0.000805176
0.000843209
0.000869872
0.000908867
0.000950093
0.00099922
0.000459874
0.000457487
0.000455795
0.000454639
0.000454301
0.000454245
0.000455222
0.000455928
0.000458417
0.000460028
0.000464279
0.000467241
0.000472862
0.000478043
0.00048492
0.000493607
0.00050488
0.000434816
0.000430847
0.000426509
0.000422751
0.000418754
0.000415316
0.000411614
0.00040852
0.000405148
0.000402433
0.000399382
0.00039711
0.000394376
0.000392635
0.000390199
0.000389214
0.000386565
0.000430903
0.000426869
0.000421947
0.000418046
0.000413285
0.000409619
0.000405012
0.000401561
0.000397105
0.000393872
0.000389559
0.000386543
0.000382356
0.000379608
0.000375366
0.000373529
0.000366894
0.000430028
0.000425967
0.000420986
0.000417064
0.00041223
0.000408518
0.000403833
0.000400311
0.000395764
0.000392429
0.000388011
0.00038485
0.000380568
0.000377517
0.000373569
0.000369887
0.00036569
0.000429581
0.000425458
0.000420515
0.000416553
0.000411758
0.000407997
0.000403353
0.000399778
0.000395271
0.000391878
0.000387498
0.000384283
0.000380002
0.000377023
0.000372602
0.000370659
0.000363226
0.000429221
0.000425061
0.000420143
0.00041616
0.000411393
0.000407608
0.000402991
0.000399391
0.000394913
0.000391493
0.000387141
0.000383898
0.000379646
0.000376638
0.000372242
0.000370303
0.00036277
0.000428909
0.000424734
0.000419823
0.000415838
0.00041108
0.000407291
0.000402682
0.000399079
0.000394608
0.000391184
0.000386839
0.000383593
0.000379346
0.000376336
0.000371944
0.000370005
0.000362472
0.00042862
0.000424477
0.000419531
0.000415586
0.000410793
0.000407044
0.000402397
0.000398837
0.000394325
0.000390946
0.000386559
0.000383359
0.00037907
0.000376102
0.000371683
0.000369735
0.000362312
0.000428382
0.000424246
0.000419294
0.000415357
0.00041056
0.000406819
0.000402169
0.000398615
0.000394101
0.000390728
0.000386339
0.000383143
0.000378853
0.000375888
0.000371469
0.000369522
0.000362106
0.000428188
0.000424043
0.000419099
0.000415157
0.000410369
0.000406623
0.000401981
0.000398423
0.000393916
0.000390539
0.000386156
0.000382957
0.000378672
0.000375706
0.00037129
0.000369345
0.000361926
0.000428037
0.000423856
0.00041895
0.000414971
0.000410224
0.000406438
0.00040184
0.00039824
0.00039378
0.000390358
0.000386023
0.000382778
0.000378541
0.000375533
0.000371147
0.000369213
0.000361688
0.000427877
0.000423733
0.00041879
0.000414851
0.000410066
0.000406323
0.000401683
0.000398128
0.000393624
0.000390249
0.000385869
0.000382672
0.00037839
0.000375425
0.000371011
0.000369068
0.000361654
0.000427761
0.000423617
0.000418676
0.000414737
0.000409953
0.00040621
0.000401573
0.000398017
0.000393516
0.00039014
0.000385763
0.000382565
0.000378285
0.00037532
0.000370908
0.000368965
0.000361552
0.00042769
0.000423506
0.000418606
0.000414626
0.000409886
0.0004061
0.000401508
0.000397908
0.000393454
0.000390031
0.000385703
0.000382457
0.000378227
0.000375218
0.000370836
0.000368905
0.000361379
0.000427628
0.000423444
0.000418545
0.000414564
0.000409826
0.000406039
0.00040145
0.000397848
0.000393396
0.000389973
0.000385647
0.0003824
0.000378171
0.000375162
0.000370781
0.00036885
0.000361325
0.000427577
0.000423435
0.000418494
0.000414557
0.000409774
0.000406034
0.000401397
0.000397844
0.000393344
0.00038997
0.000385594
0.000382398
0.000378119
0.000375156
0.000370744
0.000368803
0.000361395
)
;

boundaryField
{
    inlet
    {
        type            fixedValue;
        value           uniform 0.25;
    }
    outlet
    {
        type            zeroGradient;
    }
    topWall
    {
        type            zeroGradient;
    }
    floorWall
    {
        type            kqRWallFunction;
        value           nonuniform List<scalar> 
97
(
0.121297
0.0606343
0.0401075
0.0312053
0.0266498
0.0239745
0.0222576
0.021019
0.0201186
0.0194216
0.0188708
0.0184315
0.0180803
0.0177889
0.0175478
0.0173315
0.0171482
0.0169763
0.0168206
0.0166733
0.0165381
0.0164086
0.0162891
0.0161726
0.0160667
0.0159614
0.0158665
0.015771
0.015685
0.0155974
0.0155194
0.0154388
0.0153678
0.0152933
0.0152284
0.0151591
0.0150993
0.0150349
0.0149794
0.0149194
0.0148678
0.0148117
0.0147633
0.0147107
0.0146653
0.014616
0.0145734
0.0145267
0.0144867
0.0144423
0.0144048
0.0143628
0.0143272
0.0142875
0.0142537
0.0142162
0.0141838
0.0141485
0.0141172
0.014084
0.0140536
0.0140226
0.0139928
0.0139639
0.0139346
0.0139076
0.0138787
0.0138536
0.0138246
0.0138014
0.0137719
0.0137505
0.0137197
0.0136998
0.0136665
0.013646
0.0136094
0.0135801
0.0135066
0.0135567
0.0293013
0.0196621
0.0163236
0.0150371
0.0144969
0.0141645
0.0139443
0.0138129
0.0137125
0.0136445
0.0135784
0.0135375
0.0134864
0.0134605
0.0134171
0.0133984
0.0133604
)
;
    }
    frontAndBack
    {
        type            empty;
    }
    building
    {
        type            kqRWallFunction;
        value           nonuniform List<scalar> 
103
(
9.94338e-05
0.000141653
0.00021156
0.000315507
0.000446868
0.000593266
0.0007381
0.000868089
0.000979761
0.00108827
0.00119573
0.00135801
0.00170689
0.00213276
0.00255319
0.00294958
0.00333708
0.0036888
0.00393445
0.00369275
0.00349405
0.00181296
0.00116404
0.00376827
9.94338e-05
0.000168948
0.000273381
0.000370368
0.0004271
0.000439732
0.000438513
0.000441433
0.000461831
0.000498279
0.000536962
0.000569227
0.000591244
0.000601288
0.000596683
0.000572614
0.00054143
0.000642915
0.00082331
0.00107176
0.00140516
0.00180842
0.00224349
0.00270798
0.00318341
0.00364932
0.00409183
0.00449711
0.00485683
0.00516341
0.00540992
0.00560035
0.00568885
0.0057231
0.00569573
0.00556952
0.00537147
0.00510329
0.0047683
0.00437434
0.00393009
0.00344601
0.00293353
0.00240945
0.00189485
0.00142277
0.00116971
0.00122852
0.00127405
0.00122806
0.00106736
0.000772434
0.000453334
0.000208595
9.48419e-05
9.48419e-05
0.000124974
0.000168598
0.000229349
0.000298811
0.00036613
0.000420881
0.000451786
0.000460471
0.000458411
0.000464894
0.000529204
0.00103733
0.00217636
0.00386427
0.00541481
0.00667962
0.00780965
0.00885801
0.00995098
0.0113623
0.0136463
0.0173948
0.0239014
)
;
    }
}


// ************************************************************************* //
