/*--------------------------------*- C++ -*----------------------------------*\
| =========                 |                                                 |
| \\      /  F ield         | OpenFOAM: The Open Source CFD Toolbox           |
|  \\    /   O peration     | Version:  2312                                  |
|   \\  /    A nd           | Website:  www.openfoam.com                      |
|    \\/     M anipulation  |                                                 |
\*---------------------------------------------------------------------------*/
FoamFile
{
    version     2.0;
    format      ascii;
    arch        "LSB;label=32;scalar=64";
    class       volScalarField;
    location    "4000";
    object      nut;
}
// * * * * * * * * * * * * * * * * * * * * * * * * * * * * * * * * * * * * * //

dimensions      [0 2 -1 0 0 0 0];

internalField   nonuniform List<scalar> 
5880
(
1.76188e-06
2.29779e-06
2.92213e-06
3.4013e-06
3.65253e-06
3.70593e-06
3.7001e-06
3.71358e-06
3.79782e-06
3.9448e-06
4.09505e-06
4.21626e-06
4.29718e-06
4.33385e-06
4.3173e-06
4.22759e-06
4.11226e-06
4.48234e-06
5.07229e-06
5.78689e-06
6.62596e-06
7.51669e-06
8.37204e-06
9.19774e-06
9.97234e-06
1.06771e-05
1.13061e-05
1.18531e-05
1.23197e-05
1.27046e-05
1.29952e-05
1.32591e-05
1.33024e-05
1.33782e-05
1.33376e-05
1.3192e-05
1.29556e-05
1.26274e-05
1.22063e-05
1.1691e-05
1.10815e-05
1.03766e-05
9.57396e-06
8.67674e-06
7.69462e-06
6.66759e-06
6.04566e-06
6.19578e-06
6.30951e-06
6.19462e-06
5.77511e-06
4.91305e-06
3.76389e-06
2.55322e-06
1.72157e-06
4.8579e-06
4.27429e-06
4.34822e-06
4.35926e-06
4.27656e-06
4.37144e-06
4.80477e-06
5.76112e-06
7.38446e-06
9.32607e-06
1.12679e-05
1.30283e-05
1.46518e-05
1.61318e-05
1.7371e-05
1.81143e-05
1.80188e-05
1.68305e-05
1.57093e-05
1.495e-05
1.4479e-05
1.44478e-05
1.41889e-05
1.40208e-05
1.40246e-05
1.41354e-05
1.43582e-05
1.46708e-05
1.5084e-05
1.57388e-05
1.62033e-05
1.7167e-05
1.80274e-05
1.92973e-05
2.04882e-05
2.20385e-05
2.37082e-05
2.55571e-05
2.76746e-05
3.00065e-05
3.25785e-05
3.5211e-05
3.79366e-05
4.04668e-05
4.23916e-05
4.30055e-05
3.93868e-05
3.08828e-05
2.23907e-05
1.54632e-05
1.03248e-05
7.28186e-06
5.30356e-06
3.82736e-06
4.5647e-06
5.93598e-06
8.0194e-06
9.96267e-06
1.14301e-05
1.16534e-05
1.23004e-05
1.41243e-05
1.74384e-05
2.18623e-05
2.60708e-05
2.93727e-05
3.17667e-05
3.36614e-05
3.50456e-05
3.55401e-05
3.50303e-05
3.35159e-05
3.12783e-05
2.92031e-05
2.77442e-05
2.6547e-05
2.59597e-05
2.64224e-05
2.71864e-05
2.83777e-05
2.99146e-05
3.18426e-05
3.41652e-05
3.67086e-05
3.97864e-05
4.28993e-05
4.68003e-05
5.06481e-05
5.49588e-05
5.91859e-05
6.3937e-05
6.87461e-05
7.37483e-05
7.86678e-05
8.30303e-05
8.7469e-05
9.10627e-05
9.33072e-05
9.40065e-05
9.25641e-05
8.82692e-05
7.99949e-05
6.76897e-05
5.38634e-05
3.98738e-05
2.65702e-05
1.67462e-05
1.05567e-05
6.80919e-06
5.30184e-06
7.24832e-06
1.10858e-05
1.68481e-05
2.28339e-05
2.61198e-05
2.91142e-05
3.24047e-05
3.65352e-05
4.13595e-05
4.56088e-05
4.86059e-05
5.03167e-05
5.08186e-05
5.03966e-05
4.91564e-05
4.74157e-05
4.53496e-05
4.36003e-05
4.2213e-05
4.16521e-05
4.27358e-05
4.49007e-05
4.78155e-05
5.14139e-05
5.56305e-05
6.03789e-05
6.55025e-05
7.12006e-05
7.71344e-05
8.33884e-05
8.95939e-05
9.60277e-05
0.000102145
0.00010827
0.000114102
0.000119845
0.000125112
0.000129904
0.000134079
0.000136497
0.000138521
0.00013884
0.000137027
0.00013324
0.000127079
0.000118545
0.000107311
9.35398e-05
7.83144e-05
6.23979e-05
4.6071e-05
3.09815e-05
1.94555e-05
1.16995e-05
6.18366e-06
8.62739e-06
1.41417e-05
2.4002e-05
3.4645e-05
4.14635e-05
4.70263e-05
5.09934e-05
5.4492e-05
5.83263e-05
6.15886e-05
6.36748e-05
6.44145e-05
6.39603e-05
6.28376e-05
6.10266e-05
5.89254e-05
5.80989e-05
5.67721e-05
5.81578e-05
6.26152e-05
6.71806e-05
7.31216e-05
7.964e-05
8.68727e-05
9.4238e-05
0.000102044
0.000110006
0.000117809
0.000125453
0.000132862
0.000139849
0.000146454
0.000152455
0.000157988
0.000162848
0.000166961
0.000170079
0.000172104
0.000172779
0.000171504
0.000170335
0.000166617
0.000160825
0.000153412
0.000144084
0.00013305
0.000120395
0.000106183
9.11316e-05
7.55504e-05
5.94173e-05
4.30822e-05
2.83298e-05
1.62307e-05
7.05822e-06
9.94733e-06
1.83247e-05
3.36225e-05
4.80059e-05
5.69173e-05
6.24628e-05
6.57796e-05
6.92316e-05
7.28422e-05
7.56094e-05
7.69762e-05
7.69481e-05
7.56409e-05
7.41831e-05
7.34753e-05
7.07892e-05
7.26358e-05
7.78544e-05
8.40339e-05
9.21794e-05
0.000100489
0.000109867
0.000118938
0.000128506
0.00013773
0.000146742
0.000155193
0.000163106
0.000170422
0.000177083
0.000183014
0.000188195
0.000192529
0.000195985
0.000198435
0.000199795
0.000199925
0.000198717
0.000195861
0.000191495
0.000186889
0.000180445
0.000171638
0.000161262
0.000149976
0.000137359
0.000123498
0.000108937
9.41756e-05
7.95656e-05
6.50668e-05
5.0057e-05
3.4528e-05
1.88567e-05
7.81324e-06
1.1098e-05
2.47395e-05
4.70012e-05
6.36164e-05
7.23974e-05
7.65047e-05
7.96653e-05
8.3221e-05
8.65409e-05
8.8626e-05
8.93097e-05
8.82107e-05
8.76788e-05
8.56262e-05
8.4855e-05
9.04648e-05
9.83582e-05
0.000107124
0.000117431
0.00012838
0.000138957
0.000149969
0.000159978
0.000170201
0.000179171
0.000187577
0.000195111
0.000201872
0.000207808
0.000212909
0.00021714
0.000220469
0.000222833
0.000224171
0.000224396
0.00022345
0.000221245
0.000217688
0.000212301
0.000205741
0.000198204
0.000188479
0.00017805
0.000165625
0.000152009
0.000137625
0.000122946
0.000107992
9.31585e-05
7.88108e-05
6.5214e-05
5.22123e-05
3.64677e-05
1.94414e-05
8.37672e-06
1.20794e-05
3.47614e-05
6.40858e-05
8.06657e-05
8.75366e-05
9.06279e-05
9.36278e-05
9.70217e-05
9.97851e-05
0.000100774
0.000101093
0.000100316
9.7531e-05
0.000100731
0.000109531
0.000119011
0.000130283
0.000142336
0.000154686
0.000166677
0.00017747
0.000188431
0.000198341
0.000207224
0.000215068
0.000222096
0.00022822
0.000233522
0.000237983
0.000241608
0.000244372
0.000246236
0.000247142
0.000247025
0.000245812
0.000243433
0.000239821
0.000234702
0.000227999
0.000220127
0.000210764
0.000199129
0.000185826
0.000171513
0.000156681
0.000140668
0.000124984
0.000109277
9.38326e-05
7.88755e-05
6.44895e-05
5.16414e-05
3.52256e-05
1.86788e-05
8.6745e-06
1.27005e-05
4.80698e-05
8.20585e-05
9.79108e-05
0.000102995
0.000105186
0.000107752
0.000110495
0.000112146
0.000112128
0.000111146
0.000110527
0.000117584
0.000128109
0.000139867
0.000152385
0.000165902
0.000178895
0.00019053
0.000202819
0.000213131
0.000222588
0.000230968
0.000238323
0.000244781
0.00025043
0.000255298
0.000259442
0.00026287
0.000265582
0.000267548
0.000268713
0.000268996
0.000268301
0.000266525
0.000263546
0.000259249
0.000253334
0.000245812
0.000236889
0.000226747
0.000214505
0.000200503
0.00018481
0.000167642
0.000150389
0.000132767
0.000115391
9.84942e-05
8.24538e-05
6.66327e-05
5.17212e-05
3.34974e-05
1.92635e-05
8.77053e-06
1.3482e-05
6.22709e-05
0.000100763
0.000115543
0.000119065
0.000120369
0.000122258
0.000123417
0.000123862
0.00012217
0.000125853
0.000134575
0.000146638
0.000159525
0.000173356
0.000187322
0.000200135
0.000212915
0.000223595
0.000234342
0.00024295
0.000250768
0.000257585
0.000263572
0.000268841
0.000273467
0.000277506
0.000280998
0.000283962
0.000286401
0.000288306
0.000289615
0.000290209
0.000289927
0.000288648
0.000286171
0.000282294
0.000276916
0.000269803
0.000260301
0.000249975
0.000237707
0.000223303
0.000206859
0.000188274
0.000167858
0.000146744
0.000127149
0.000107139
8.89557e-05
7.15285e-05
5.451e-05
3.68019e-05
1.96686e-05
8.74156e-06
1.41084e-05
7.76044e-05
0.000119824
0.000133353
0.000135159
0.000134876
0.000135383
0.000135134
0.00013345
0.000140766
0.000150636
0.000164266
0.000177776
0.000192279
0.000206377
0.000219494
0.00023065
0.000241856
0.000251434
0.000259554
0.00026657
0.000272769
0.000278257
0.000283167
0.000287587
0.000291577
0.000295179
0.000298409
0.000301262
0.000303715
0.00030573
0.000307343
0.000308572
0.000309417
0.000309698
0.000309201
0.000307558
0.000304032
0.000298609
0.000290312
0.00028012
0.000268852
0.000254779
0.000237983
0.000218197
0.000195664
0.000170989
0.000145311
0.000121462
9.89511e-05
7.82312e-05
5.92034e-05
4.07567e-05
2.04043e-05
8.80204e-06
1.50471e-05
9.20927e-05
0.000137889
0.000150954
0.000151
0.000149852
0.000148619
0.000147602
0.000155641
0.00016624
0.000180403
0.000194666
0.000208854
0.000222662
0.000234575
0.000246031
0.000255174
0.000264168
0.00027143
0.000277852
0.000283592
0.000288847
0.000293546
0.000297768
0.000301597
0.000305099
0.000308328
0.000311327
0.00031412
0.000316703
0.000319026
0.000321103
0.000322882
0.000324257
0.000325171
0.000325581
0.000325492
0.000325038
0.000323522
0.000319946
0.000312917
0.000300913
0.000287758
0.000272793
0.000254184
0.000231714
0.00020558
0.00017622
0.000145033
0.000115412
8.91723e-05
6.55984e-05
4.46814e-05
2.2591e-05
9.38886e-06
1.68663e-05
0.000102453
0.000151736
0.000165474
0.000167616
0.000165505
0.000163494
0.000170584
0.000180491
0.000194783
0.000209312
0.000222303
0.000235144
0.000246727
0.000256314
0.000265992
0.000274227
0.000281643
0.000287788
0.000293158
0.000297816
0.00030184
0.00030534
0.000308437
0.000311217
0.000313758
0.000316142
0.000318448
0.000320753
0.000323134
0.000325658
0.000328239
0.00033081
0.000333302
0.000335609
0.000337575
0.00033899
0.000339586
0.000339373
0.000338552
0.000337316
0.000333209
0.000322538
0.000307699
0.000292104
0.00027169
0.000246765
0.00021685
0.000182274
0.000144606
0.000107557
7.71702e-05
5.05143e-05
2.98362e-05
1.31529e-05
1.88603e-05
0.000106864
0.000163133
0.000181766
0.000184694
0.000181087
0.000185557
0.000194408
0.00020687
0.000221113
0.000234019
0.000245346
0.000256551
0.000266758
0.000275273
0.000283462
0.000290002
0.000295664
0.000300044
0.000303449
0.000305942
0.000307855
0.000309388
0.000310692
0.000311889
0.000313097
0.000314419
0.000315942
0.000317739
0.000319861
0.000322349
0.000325223
0.00032848
0.000332085
0.000335952
0.000339942
0.000343851
0.000347409
0.000350275
0.000352029
0.000352208
0.000351554
0.000350112
0.000342812
0.000328192
0.000310621
0.000289018
0.000261406
0.000227156
0.000186469
0.000141137
9.6029e-05
5.96225e-05
3.60989e-05
1.90518e-05
2.06273e-05
0.000104386
0.000166538
0.000190621
0.000195679
0.0002004
0.00020735
0.00021746
0.000230377
0.000243452
0.000255047
0.000265151
0.000274835
0.000283332
0.000290177
0.000295525
0.000299129
0.000301534
0.000303056
0.000303959
0.000304302
0.00030426
0.000304056
0.000303542
0.000303028
0.000302608
0.000302409
0.000302534
0.000303118
0.0003043
0.000306191
0.000308891
0.000312473
0.000316961
0.000322323
0.000328453
0.000335158
0.000342159
0.000349085
0.000355443
0.000360662
0.00036409
0.000365166
0.000365343
0.000359818
0.000347282
0.000327955
0.000304662
0.000273337
0.0002332
0.000184323
0.000129269
7.62498e-05
4.21278e-05
2.53854e-05
2.21429e-05
9.57221e-05
0.000164327
0.000196072
0.000210231
0.000218235
0.000226721
0.000237582
0.000249687
0.000261352
0.000271524
0.000280102
0.000287129
0.000292436
0.000296032
0.000298401
0.000299587
0.000299747
0.000299075
0.000297736
0.000295848
0.000293549
0.000290967
0.000288207
0.000285442
0.000282458
0.000280602
0.000278871
0.000277379
0.000276863
0.000277314
0.000278969
0.000282019
0.000286624
0.000292876
0.000300758
0.000310118
0.00032068
0.000332165
0.000343899
0.000355163
0.000365168
0.000373043
0.000377831
0.000380477
0.000376232
0.000364882
0.000343827
0.000317364
0.000280269
0.000231217
0.000170136
0.000102159
5.34123e-05
3.00508e-05
2.36947e-05
8.60396e-05
0.000159316
0.000200092
0.000219607
0.000230727
0.000240912
0.000251617
0.000262231
0.000271851
0.000279933
0.000286313
0.000291026
0.000294098
0.000295637
0.000295866
0.000294925
0.000292969
0.00029016
0.000286654
0.000282605
0.000278175
0.000273534
0.000268852
0.000264302
0.00026003
0.000256229
0.000252304
0.000249492
0.000247997
0.000245934
0.000244981
0.000245437
0.000247808
0.000252632
0.000260297
0.000270748
0.000283073
0.000298823
0.000316306
0.000334373
0.000351992
0.000368093
0.000381429
0.000390681
0.000395338
0.000393056
0.00038135
0.000357477
0.000325038
0.000278337
0.000215257
0.000136544
6.66949e-05
3.3379e-05
2.45509e-05
7.05047e-05
0.000142134
0.000190872
0.000217824
0.000234294
0.000247114
0.000258439
0.000268442
0.000276852
0.000283474
0.000288254
0.000291255
0.000292591
0.000292414
0.000290906
0.000288242
0.000284602
0.000280179
0.000275182
0.000269835
0.000264383
0.000259078
0.000254153
0.00024979
0.000246072
0.000242951
0.000240213
0.000237139
0.000233938
0.000231615
0.000227576
0.000223527
0.000219947
0.000217698
0.000218217
0.000223513
0.000236001
0.000253241
0.000275523
0.000300167
0.000325727
0.000351187
0.000374642
0.000393838
0.000408421
0.000415117
0.000412559
0.000397576
0.000368249
0.000324776
0.000261398
0.000175621
8.54066e-05
3.60945e-05
2.62724e-05
5.88259e-05
0.000126696
0.000178731
0.000211489
0.00023234
0.000247159
0.000258686
0.000267853
0.000274946
0.000280179
0.000283767
0.000285815
0.000286403
0.000285629
0.000283633
0.000280594
0.000276724
0.000272248
0.000267452
0.000262656
0.000258182
0.000254327
0.00025132
0.000249278
0.000248094
0.000247334
0.000246733
0.000245856
0.000243811
0.000241349
0.000237309
0.000231843
0.000224746
0.000216413
0.000207903
0.000201122
0.000198932
0.000204957
0.000221816
0.000249594
0.00028474
0.000321377
0.000357669
0.00039185
0.000417947
0.000435317
0.00044225
0.000436664
0.000414115
0.000374036
0.000311395
0.000220702
0.000109334
3.84449e-05
2.29578e-05
4.04535e-05
8.91934e-05
0.000141789
0.000183403
0.000213772
0.000234983
0.000250515
0.000262439
0.00027175
0.00027867
0.000283123
0.000285536
0.000286256
0.000285593
0.000283808
0.000281114
0.000277637
0.000274014
0.000270298
0.000266614
0.00026311
0.000259926
0.00025715
0.00025477
0.000252695
0.000251311
0.000250636
0.000250297
0.000249798
0.000248169
0.000244835
0.000240188
0.000232403
0.000222321
0.000210676
0.000198815
0.000189024
0.000184172
0.000189225
0.000211099
0.000248991
0.000297473
0.000346528
0.000390023
0.000428087
0.000457671
0.0004758
0.000479492
0.000465399
0.000429024
0.000366336
0.00027048
0.000140302
4.07286e-05
2.79958e-05
3.91519e-05
7.55048e-05
0.000121111
0.000161204
0.000193321
0.000218802
0.000236577
0.000247787
0.000255508
0.00026195
0.000267603
0.000271932
0.00027491
0.000276632
0.000277231
0.000276858
0.00027572
0.000273585
0.000270848
0.000267796
0.000264631
0.000261503
0.000258511
0.00025573
0.000253293
0.000251118
0.000249041
0.000246955
0.000244564
0.000241048
0.000236769
0.000231291
0.000221991
0.000210469
0.000197236
0.000183238
0.00017077
0.00016402
0.000169485
0.00019107
0.000228375
0.000277223
0.00033329
0.00039107
0.000444461
0.000488964
0.000520858
0.000536378
0.000531261
0.000500326
0.000436784
0.000332556
0.000180524
4.35653e-05
1.50697e-05
2.17409e-05
3.80772e-05
6.29876e-05
9.23005e-05
0.000120381
0.00014624
0.000170582
0.000193011
0.000212223
0.000226791
0.000237066
0.00024365
0.00024765
0.00024979
0.000250441
0.000249915
0.000248482
0.000246326
0.000243525
0.000240171
0.00023638
0.000232251
0.000227904
0.000223394
0.000218821
0.000214232
0.000209558
0.000204609
0.000199871
0.000196917
0.000191812
0.000186095
0.000178481
0.000170391
0.000163125
0.000158343
0.000157908
0.000163881
0.000178714
0.000205418
0.000246328
0.000300584
0.000363505
0.000428906
0.000491378
0.000546928
0.000591923
0.000621142
0.000628125
0.000605057
0.000541959
0.000428319
0.00024518
4.7723e-05
1.43344e-05
3.36316e-05
5.09667e-05
6.84657e-05
8.58717e-05
0.000101155
0.000114062
0.000124844
0.000133675
0.000140904
0.000146465
0.000150282
0.000152732
0.000154094
0.000154893
0.000155001
0.000155098
0.000154882
0.000154544
0.000154184
0.000153792
0.000153664
0.00015328
0.000153422
0.000153587
0.000154147
0.000155095
0.000156482
0.000158421
0.000160949
0.000164321
0.000168482
0.000173677
0.000182031
0.000194083
0.000210586
0.000232179
0.000259344
0.000292315
0.000330983
0.000374814
0.00042282
0.000473665
0.000525714
0.000577321
0.0006276
0.00067802
0.000730507
0.000774074
0.000795932
0.000781809
0.000714793
0.000578567
0.000341447
5.39597e-05
2.50398e-05
0.000109426
0.000177604
0.000226932
0.000264993
0.000295221
0.000319774
0.000340088
0.000357142
0.000371776
0.000384684
0.000395402
0.000405326
0.000414331
0.000422559
0.00043018
0.000437363
0.00044426
0.000451006
0.000457733
0.000464619
0.000471763
0.000479228
0.000487073
0.000495346
0.00050409
0.000513365
0.000522953
0.000533434
0.000544136
0.000555868
0.000568181
0.000580925
0.000593024
0.000604512
0.000615431
0.000625843
0.000635837
0.000645569
0.000655313
0.000665556
0.000677192
0.000691843
0.000712253
0.000742327
0.000785857
0.000842506
0.000903859
0.000959376
0.000994482
0.000990925
0.000925819
0.00077416
0.000486404
6.32108e-05
0.000281146
0.000198736
0.000161704
0.000142585
0.000131786
0.000124958
0.000120423
0.000116997
0.000114483
0.000112478
0.000110898
0.000109591
0.000108551
0.000107677
0.000106946
0.000106288
0.000105722
0.000105193
0.00010471
0.00010425
0.000103826
0.000103419
0.000103041
0.000102672
0.000102335
0.000101999
0.000101696
0.000101389
0.000101112
0.000100829
0.000100577
0.000100316
0.000100085
9.98416e-05
9.96295e-05
9.94026e-05
9.92066e-05
9.89948e-05
9.88117e-05
9.86138e-05
9.84428e-05
9.8257e-05
9.80965e-05
9.79217e-05
9.77705e-05
9.76058e-05
9.74635e-05
9.73072e-05
9.71731e-05
9.70243e-05
9.6898e-05
9.67567e-05
9.6637e-05
9.65029e-05
9.63885e-05
9.62617e-05
9.61518e-05
9.60323e-05
9.59258e-05
9.58133e-05
9.57096e-05
9.56041e-05
9.55026e-05
9.54036e-05
9.53038e-05
9.52111e-05
9.51124e-05
9.50258e-05
9.4927e-05
9.48467e-05
9.47456e-05
9.4672e-05
9.45655e-05
9.44978e-05
9.43821e-05
9.43098e-05
9.41938e-05
9.40533e-05
9.38437e-05
9.40023e-05
0.000466787
0.00030593
0.000237223
0.000200772
0.000180445
0.000167482
0.000162398
0.000159546
0.000162552
0.000165602
0.000170732
0.000176067
0.000181693
0.00018733
0.000192176
0.000197059
0.000201127
0.00020477
0.000208006
0.000210865
0.000213404
0.000215698
0.00021769
0.000219532
0.000221213
0.000222692
0.000224098
0.00022529
0.000226428
0.000227437
0.000228403
0.000229243
0.00023007
0.000230765
0.000231479
0.000232052
0.000232675
0.000233149
0.000233685
0.000234094
0.000234551
0.000234898
0.000235288
0.00023559
0.00023592
0.000236189
0.000236464
0.000236693
0.000236932
0.000237125
0.000237349
0.000237502
0.000237708
0.000237827
0.000238017
0.000238108
0.000238286
0.00023835
0.000238516
0.000238557
0.000238713
0.000238735
0.000238881
0.000238885
0.000239022
0.000239011
0.000239142
0.000239111
0.000239245
0.000239191
0.00023933
0.000239258
0.000239398
0.000239315
0.000239431
0.000239356
0.000239441
0.000239174
0.000239636
0.000238361
0.000503756
0.000352007
0.000285778
0.000251016
0.00023032
0.000215914
0.000206164
0.00019889
0.000195274
0.000193687
0.000196392
0.000196738
0.00020425
0.000211043
0.000218688
0.000226901
0.00023508
0.000243141
0.000250896
0.000258326
0.000265346
0.000272009
0.000278243
0.000284118
0.000289637
0.000294847
0.000299855
0.000304208
0.000308558
0.000312566
0.000316403
0.000319922
0.000323342
0.000326441
0.000329509
0.000332239
0.00033501
0.000337419
0.000339919
0.000342097
0.000344314
0.000346287
0.000348269
0.000350081
0.000351845
0.000353524
0.000355069
0.000356621
0.000358008
0.000359453
0.000360728
0.000362033
0.00036321
0.000364395
0.000365484
0.000366573
0.000367577
0.000368573
0.000369501
0.000370418
0.000371276
0.000372121
0.000372916
0.000373692
0.000374433
0.000375146
0.000375842
0.00037649
0.000377154
0.000377737
0.000378384
0.000378897
0.000379542
0.000379976
0.00038061
0.00038101
0.000381506
0.000381925
0.000382622
0.000382026
0.000509371
0.00036379
0.000300346
0.000267792
0.000248861
0.000236665
0.000228375
0.000222822
0.000218365
0.000215116
0.000213865
0.000211262
0.00021353
0.000212768
0.000218736
0.00022493
0.000232166
0.000240667
0.000249834
0.000259543
0.00026945
0.00027943
0.000289314
0.000298994
0.000308471
0.000317575
0.000326535
0.000334952
0.000343159
0.000350922
0.000358486
0.00036557
0.00037252
0.000378959
0.000385351
0.000391185
0.000397092
0.000402338
0.000407876
0.000412615
0.000417599
0.000422036
0.00042655
0.000430681
0.000434835
0.000438619
0.000442469
0.000445912
0.000449521
0.000452632
0.000456071
0.00045885
0.000462128
0.00046465
0.000467734
0.000470085
0.000472927
0.000475151
0.000477766
0.00047988
0.000482277
0.000484293
0.000486478
0.000488419
0.00049042
0.000492283
0.000494114
0.000495903
0.000497604
0.000499294
0.000500914
0.000502482
0.000504027
0.000505489
0.000506929
0.000508322
0.000509588
0.000510944
0.000512277
0.000512502
0.000510079
0.000366275
0.000304582
0.000273576
0.000255114
0.00024315
0.000234984
0.000229343
0.0002256
0.000222828
0.000221589
0.000219879
0.000220023
0.000218629
0.000219856
0.000221849
0.000221689
0.000227045
0.000232389
0.000239177
0.000246969
0.000255961
0.00026583
0.000276301
0.000287309
0.000298448
0.000309868
0.000321126
0.000332448
0.000343432
0.000354416
0.000364923
0.000375427
0.000385344
0.000395304
0.00040458
0.00041398
0.000422612
0.000431436
0.000439526
0.000447713
0.000455261
0.000462918
0.000469924
0.000477129
0.000483597
0.000490409
0.00049634
0.000502827
0.000508213
0.000514479
0.000519244
0.000525412
0.000529704
0.00053562
0.000539493
0.000545173
0.000548709
0.000554154
0.000557368
0.000562571
0.000565511
0.000570452
0.000573238
0.000577875
0.000580517
0.000584866
0.000587414
0.000591482
0.000593944
0.000597799
0.00060012
0.000603806
0.000605969
0.000609503
0.000611556
0.000614671
0.000616535
0.000619612
0.000620707
0.000510182
0.000366779
0.000305792
0.000275543
0.000257822
0.000245915
0.000237628
0.000231474
0.000227199
0.000223685
0.000221635
0.000219766
0.000219191
0.00021848
0.000218606
0.00021913
0.000219551
0.000220626
0.000222568
0.000225139
0.000226596
0.000231444
0.000236788
0.000243211
0.000250722
0.000259276
0.000268992
0.000279333
0.000290608
0.000302115
0.000314286
0.000326339
0.000338882
0.000351033
0.000363579
0.000375539
0.000387851
0.000399454
0.000411367
0.00042253
0.000433974
0.000444583
0.000455556
0.000465562
0.000476082
0.000485459
0.000495557
0.000504291
0.00051401
0.000522092
0.000531478
0.000538917
0.000547975
0.000554877
0.000563572
0.000569999
0.000578328
0.000584278
0.000592327
0.000597782
0.000605631
0.000610466
0.000618244
0.000622517
0.000630183
0.000633969
0.000641436
0.000645087
0.000652186
0.000655634
0.000662367
0.000665637
0.000672049
0.000675156
0.000681274
0.000684188
0.000689956
0.000692599
0.000698414
0.000700494
0.000510094
0.000366574
0.000305418
0.000275173
0.000257834
0.000246405
0.000238473
0.00023241
0.000227966
0.000224216
0.000221498
0.000219009
0.000217407
0.00021586
0.000215185
0.000214423
0.000214689
0.000214496
0.00021565
0.000216069
0.0002179
0.000218425
0.000221835
0.000223598
0.000225091
0.000229772
0.000234255
0.00023955
0.00024616
0.000253412
0.000262101
0.000271291
0.000281906
0.000292691
0.000304741
0.000316628
0.000329584
0.00034208
0.000355496
0.000368197
0.000381772
0.000394371
0.000407901
0.000420199
0.000433558
0.000445421
0.000458529
0.000469869
0.000482675
0.000493442
0.000505903
0.000516097
0.000528168
0.000537815
0.000549485
0.000558599
0.000569893
0.000578438
0.000589416
0.000597375
0.000608087
0.000615443
0.000625893
0.000632702
0.000642881
0.00064919
0.000659089
0.000664947
0.00067466
0.000679938
0.000689587
0.000694309
0.000703815
0.000708163
0.00071739
0.000721424
0.000730384
0.000734121
0.000742667
0.000747609
0.000510112
0.000366653
0.000305624
0.000275423
0.000258089
0.000246722
0.000238777
0.000232791
0.000228309
0.000224577
0.000221688
0.000219057
0.000217047
0.000215075
0.000213697
0.000212238
0.00021142
0.000210473
0.000210187
0.000209823
0.000210059
0.000210353
0.00021096
0.000212255
0.000213008
0.000214882
0.000216232
0.000219447
0.000220446
0.000223741
0.000227412
0.000231281
0.000236553
0.000241927
0.000249002
0.000256068
0.00026508
0.000273932
0.000284805
0.00029519
0.000307594
0.000319124
0.000332648
0.000344899
0.000359136
0.00037173
0.000386351
0.000399004
0.000413763
0.000426287
0.000441003
0.00045328
0.000467828
0.000479768
0.000494076
0.000505603
0.000519641
0.000530681
0.000544439
0.000554953
0.000568419
0.000578402
0.000591547
0.000601017
0.000613825
0.000622807
0.000635274
0.000643781
0.000655919
0.000663995
0.000675761
0.000683512
0.00069482
0.000702371
0.000713168
0.00072061
0.000730886
0.000738344
0.00074803
0.000756827
0.000510025
0.000366385
0.00030495
0.000274337
0.000257031
0.000245988
0.000238341
0.00023261
0.000228227
0.000224618
0.000221711
0.00021914
0.000217018
0.00021504
0.000213401
0.000211827
0.000210534
0.000209294
0.00020829
0.000207374
0.000206655
0.000206086
0.000205688
0.00020548
0.00020553
0.000205638
0.000206231
0.000206656
0.000208015
0.000208588
0.000210564
0.000211532
0.000214299
0.000216442
0.000218153
0.000221035
0.000224992
0.00022857
0.000233765
0.000238406
0.000245316
0.000251294
0.000260042
0.00026763
0.000278174
0.000287329
0.000299484
0.000309983
0.000323467
0.000334982
0.000349421
0.000361618
0.000376663
0.000389235
0.000404613
0.00041731
0.000432825
0.000445464
0.000460984
0.00047344
0.000488861
0.00050106
0.000516297
0.000528192
0.000543169
0.000554739
0.000569386
0.000580641
0.000594879
0.000605879
0.000619621
0.000630447
0.00064362
0.000654357
0.000666925
0.000677678
0.000689638
0.00070062
0.000712207
0.000724039
0.000510024
0.000366363
0.000304866
0.000273995
0.000256518
0.000245524
0.000237983
0.000232385
0.000228057
0.000224522
0.000221619
0.000219095
0.000216955
0.000215005
0.000213326
0.000211742
0.000210375
0.000209048
0.000207916
0.000206784
0.000205854
0.000204887
0.000204154
0.000203341
0.000202819
0.000202177
0.000201882
0.000201454
0.0002014
0.000201289
0.000201447
0.000201753
0.000202114
0.000202995
0.000203621
0.000204961
0.000205738
0.000207926
0.000208858
0.000211967
0.000214278
0.000214557
0.000219636
0.000221411
0.000226851
0.000230288
0.000236129
0.000240964
0.000248384
0.000254556
0.000263641
0.000271313
0.000282021
0.000291193
0.000303365
0.000313863
0.000327285
0.000338835
0.000353215
0.000365518
0.00038056
0.000393346
0.000408782
0.000421841
0.000437436
0.000450634
0.000466193
0.000479464
0.000494822
0.000508149
0.000523179
0.000536561
0.000551182
0.000564617
0.000578809
0.000592305
0.000606166
0.000619796
0.000633812
0.000648138
0.000509985
0.000366196
0.000304429
0.000273101
0.000255447
0.000244611
0.00023733
0.000231967
0.000227787
0.000224342
0.00022148
0.000218982
0.000216852
0.000214911
0.000213239
0.000211652
0.000210291
0.000208944
0.000207808
0.000206634
0.000205673
0.000204629
0.000203812
0.000202876
0.000202183
0.000201347
0.000200767
0.000200033
0.000199566
0.000198945
0.000198603
0.000198106
0.000197919
0.000197558
0.00019758
0.000197373
0.000197651
0.000197593
0.000198249
0.000198295
0.000199537
0.000199642
0.000201289
0.000201774
0.000203823
0.000204787
0.00020713
0.000209702
0.000211935
0.000213242
0.000217673
0.000219655
0.000224672
0.000228135
0.000233446
0.00023835
0.000244845
0.000251042
0.000258951
0.000266573
0.000275997
0.000285068
0.000295964
0.000306389
0.000318571
0.0003302
0.000343401
0.000356046
0.000369967
0.00038342
0.000397787
0.000411842
0.000426453
0.000440924
0.000455683
0.000470426
0.0004854
0.000500413
0.000516027
0.000531992
0.00050998
0.000366144
0.000304367
0.0002729
0.000255094
0.000244219
0.000236995
0.000231717
0.000227607
0.000224207
0.000221371
0.000218885
0.000216762
0.000214822
0.000213153
0.000211565
0.000210206
0.000208857
0.000207723
0.000206543
0.000205581
0.000204525
0.0002037
0.000202739
0.000202029
0.000201141
0.000200532
0.000199701
0.000199185
0.000198403
0.000197977
0.000197236
0.000196903
0.000196201
0.000195968
0.000195311
0.000195188
0.000194584
0.000194583
0.000194057
0.000194183
0.000193788
0.000194036
0.000193819
0.000194208
0.000194219
0.000194776
0.000195077
0.000195937
0.000196457
0.000197555
0.000198507
0.000199825
0.000201278
0.000202853
0.000205372
0.000206708
0.000208839
0.000211504
0.000214137
0.000217576
0.000221399
0.000225473
0.000230143
0.00023518
0.000240929
0.000247135
0.000254135
0.000261633
0.000270018
0.000278886
0.000288661
0.000298893
0.00030998
0.000321529
0.000333798
0.000346625
0.00036004
0.000374307
0.000389364
0.00050997
0.000366087
0.000304342
0.000272912
0.000255069
0.00024414
0.000236886
0.000231606
0.000227504
0.000224117
0.000221284
0.000218806
0.00021668
0.000214746
0.000213071
0.000211491
0.000210122
0.000208783
0.000207637
0.00020647
0.000205492
0.000204453
0.000203607
0.000202666
0.000201927
0.000201062
0.000200413
0.000199611
0.000199038
0.000198287
0.00019778
0.000197073
0.000196624
0.000195956
0.000195561
0.00019493
0.000194582
0.00019399
0.000193688
0.000193138
0.00019288
0.000192377
0.000192167
0.000191719
0.000191563
0.000191181
0.000191089
0.000190787
0.000190772
0.000190582
0.00019065
0.000190597
0.000190778
0.000190879
0.000191216
0.000191492
0.000192074
0.000192497
0.000193257
0.000193971
0.000194971
0.000196029
0.000197372
0.000198763
0.000200871
0.000202294
0.000204504
0.000206177
0.000209155
0.000212118
0.000215136
0.000218787
0.000222558
0.000227021
0.000231712
0.000237184
0.000243024
0.000249727
0.000257058
0.000265496
0.000509958
0.000366042
0.000304358
0.000273067
0.000255271
0.000244293
0.000236954
0.000231607
0.000227459
0.000224056
0.000221208
0.000218734
0.000216598
0.000214674
0.000212986
0.000211419
0.000210036
0.000208714
0.000207547
0.000206403
0.000205399
0.000204388
0.000203511
0.000202603
0.000201827
0.000201002
0.000200308
0.000199551
0.000198927
0.000198227
0.000197659
0.000197008
0.00019649
0.000195882
0.000195406
0.000194834
0.000194398
0.000193858
0.000193456
0.000192945
0.000192577
0.000192091
0.000191754
0.000191295
0.000190988
0.000190554
0.000190276
0.000189873
0.000189623
0.000189255
0.000189034
0.000188706
0.00018852
0.000188239
0.000188095
0.000187869
0.000187777
0.000187621
0.000187591
0.000187513
0.000187569
0.000187583
0.000187754
0.000187879
0.000188193
0.000188477
0.000188954
0.000189388
0.000190045
0.000190709
0.000191614
0.000192517
0.000193717
0.000194901
0.000196492
0.000198453
0.000199656
0.00020172
0.000204186
0.000206934
0.000509956
0.000366011
0.000304424
0.000273353
0.00025565
0.000244603
0.000237136
0.000231679
0.00022745
0.000224007
0.000221132
0.000218655
0.000216508
0.000214591
0.000212894
0.000211338
0.000209943
0.000208635
0.000207454
0.000206326
0.000205305
0.000204313
0.000203416
0.00020253
0.000201731
0.000200931
0.000200212
0.000199482
0.000198829
0.000198157
0.00019756
0.000196939
0.000196389
0.000195811
0.000195303
0.000194761
0.00019429
0.00019378
0.000193342
0.000192859
0.000192452
0.000191992
0.000191613
0.000191175
0.000190821
0.000190403
0.000190071
0.000189674
0.00018936
0.000188984
0.000188687
0.000188333
0.00018805
0.000187721
0.000187452
0.000187146
0.000186892
0.000186612
0.000186377
0.000186122
0.00018591
0.000185681
0.0001855
0.0001853
0.000185157
0.000184989
0.000184896
0.000184767
0.000184734
0.000184654
0.000184692
0.000184678
0.000184801
0.000184876
0.000185098
0.000185307
0.000185664
0.000186007
0.000186521
0.000187122
0.000509946
0.000365956
0.000304362
0.000273382
0.000255741
0.00024469
0.000237173
0.000231671
0.000227406
0.000223946
0.000221057
0.000218578
0.000216425
0.000214512
0.000212809
0.000211259
0.000209857
0.000208557
0.000207369
0.000206249
0.000205219
0.000204237
0.00020333
0.000202454
0.000201644
0.000200855
0.000200125
0.000199406
0.000198741
0.000198082
0.000197472
0.000196864
0.000196301
0.000195735
0.000195214
0.000194685
0.0001942
0.000193704
0.000193251
0.000192782
0.000192358
0.000191915
0.000191517
0.000191095
0.00019072
0.000190319
0.000189965
0.000189583
0.000189246
0.000188883
0.000188561
0.000188217
0.000187908
0.000187581
0.000187284
0.000186974
0.000186688
0.000186394
0.000186119
0.00018584
0.000185576
0.00018531
0.00018506
0.000184806
0.000184571
0.000184328
0.000184109
0.000183878
0.000183677
0.00018346
0.000183277
0.000183077
0.000182915
0.000182738
0.000182597
0.000182449
0.000182336
0.000182227
0.000182152
0.000182098
0.000509945
0.000365925
0.000304349
0.000273501
0.000255944
0.00024487
0.000237282
0.000231708
0.000227391
0.000223902
0.000220997
0.000218513
0.000216354
0.000214443
0.000212737
0.00021119
0.000209785
0.000208487
0.000207295
0.000206179
0.000205145
0.000204167
0.000203255
0.000202384
0.000201569
0.000200785
0.000200049
0.000199336
0.000198665
0.000198011
0.000197395
0.000196792
0.000196224
0.000195664
0.000195136
0.000194613
0.000194121
0.000193632
0.000193171
0.00019271
0.000192277
0.000191842
0.000191434
0.000191022
0.000190637
0.000190245
0.00018988
0.000189508
0.00018916
0.000188806
0.000188474
0.000188136
0.000187819
0.000187497
0.000187192
0.000186884
0.000186591
0.000186297
0.000186015
0.000185733
0.000185462
0.000185191
0.000184931
0.00018467
0.00018442
0.000184168
0.000183928
0.000183685
0.000183454
0.00018322
0.000182998
0.000182774
0.00018256
0.000182345
0.00018214
0.000181935
0.000181738
0.000181544
0.000181358
0.000181177
0.000509941
0.000365896
0.00030425
0.000273368
0.000255822
0.000244771
0.000237196
0.000231632
0.00022732
0.000223835
0.000220931
0.000218449
0.00021629
0.00021438
0.000212673
0.000211127
0.000209721
0.000208425
0.000207231
0.000206117
0.00020508
0.000204104
0.00020319
0.000202321
0.000201504
0.000200722
0.000199983
0.000199272
0.000198599
0.000197948
0.000197329
0.000196728
0.000196156
0.000195599
0.000195068
0.000194549
0.000194053
0.000193566
0.000193102
0.000192645
0.000192207
0.000191776
0.000191364
0.000190956
0.000190565
0.000190178
0.000189808
0.00018944
0.000189087
0.000188737
0.0001884
0.000188066
0.000187745
0.000187425
0.000187117
0.000186811
0.000186516
0.000186223
0.000185938
0.000185657
0.000185384
0.000185113
0.00018485
0.000184589
0.000184335
0.000184084
0.000183839
0.000183596
0.00018336
0.000183125
0.000182896
0.000182669
0.000182448
0.000182228
0.000182014
0.000181801
0.000181593
0.000181388
0.000181186
0.000180988
0.000509941
0.000365902
0.000304232
0.000273329
0.000255778
0.000244725
0.000237147
0.00023158
0.000227266
0.000223781
0.000220876
0.000218394
0.000216234
0.000214325
0.000212617
0.000211073
0.000209665
0.00020837
0.000207175
0.000206062
0.000205025
0.000204049
0.000203134
0.000202266
0.000201447
0.000200667
0.000199926
0.000199217
0.000198541
0.000197892
0.000197271
0.000196672
0.000196099
0.000195543
0.00019501
0.000194492
0.000193994
0.000193509
0.000193042
0.000192587
0.000192147
0.000191718
0.000191303
0.000190897
0.000190504
0.000190119
0.000189746
0.00018938
0.000189025
0.000188676
0.000188338
0.000188005
0.000187681
0.000187363
0.000187053
0.000186749
0.000186451
0.000186159
0.000185873
0.000185592
0.000185318
0.000185047
0.000184783
0.000184522
0.000184268
0.000184016
0.00018377
0.000183527
0.000183289
0.000183055
0.000182825
0.000182598
0.000182375
0.000182155
0.000181939
0.000181725
0.000181515
0.000181308
0.000181105
0.000180904
0.000509934
0.000365901
0.000304235
0.000273282
0.000255687
0.000244626
0.000237061
0.00023151
0.000227208
0.000223729
0.000220827
0.000218346
0.000216187
0.000214278
0.00021257
0.000211025
0.000209617
0.000208323
0.000207127
0.000206015
0.000204977
0.000204002
0.000203085
0.000202219
0.000201399
0.000200619
0.000199877
0.000199169
0.000198493
0.000197844
0.000197222
0.000196624
0.000196049
0.000195495
0.00019496
0.000194443
0.000193944
0.00019346
0.000192992
0.000192537
0.000192097
0.000191668
0.000191252
0.000190847
0.000190453
0.000190068
0.000189694
0.000189329
0.000188973
0.000188625
0.000188285
0.000187953
0.000187628
0.00018731
0.000186999
0.000186695
0.000186397
0.000186105
0.000185818
0.000185538
0.000185262
0.000184992
0.000184727
0.000184466
0.000184211
0.000183959
0.000183713
0.00018347
0.000183231
0.000182997
0.000182766
0.000182538
0.000182315
0.000182095
0.000181878
0.000181664
0.000181454
0.000181247
0.000181043
0.000180842
0.00050993
0.000365895
0.000304283
0.000273379
0.000255785
0.000244697
0.000237097
0.000231519
0.000227196
0.000223704
0.000220794
0.00021831
0.000216148
0.000214238
0.000212529
0.000210985
0.000209576
0.000208282
0.000207086
0.000205974
0.000204936
0.000203961
0.000203044
0.000202178
0.000201358
0.000200578
0.000199836
0.000199128
0.000198451
0.000197803
0.00019718
0.000196583
0.000196007
0.000195453
0.000194918
0.000194401
0.000193902
0.000193418
0.000192949
0.000192495
0.000192054
0.000191626
0.000191209
0.000190804
0.000190409
0.000190025
0.00018965
0.000189285
0.000188928
0.000188581
0.00018824
0.000187908
0.000187583
0.000187266
0.000186954
0.00018665
0.000186351
0.000186059
0.000185772
0.000185492
0.000185216
0.000184946
0.00018468
0.000184419
0.000184163
0.000183912
0.000183665
0.000183422
0.000183183
0.000182948
0.000182717
0.000182489
0.000182265
0.000182045
0.000181828
0.000181614
0.000181404
0.000181196
0.000180992
0.000180791
0.000509927
0.000365873
0.000304279
0.000273426
0.000255857
0.000244758
0.000237133
0.000231528
0.000227186
0.000223683
0.000220766
0.000218278
0.000216115
0.000214204
0.000212495
0.00021095
0.000209542
0.000208248
0.000207052
0.00020594
0.000204901
0.000203927
0.00020301
0.000202144
0.000201323
0.000200544
0.000199801
0.000199093
0.000198416
0.000197768
0.000197145
0.000196548
0.000195972
0.000195418
0.000194882
0.000194366
0.000193866
0.000193383
0.000192914
0.000192459
0.000192018
0.00019159
0.000191173
0.000190768
0.000190373
0.000189989
0.000189614
0.000189249
0.000188892
0.000188544
0.000188203
0.000187871
0.000187546
0.000187228
0.000186916
0.000186612
0.000186313
0.000186021
0.000185734
0.000185453
0.000185177
0.000184907
0.000184641
0.00018438
0.000184124
0.000183872
0.000183625
0.000183382
0.000183143
0.000182908
0.000182676
0.000182449
0.000182224
0.000182004
0.000181787
0.000181573
0.000181362
0.000181155
0.00018095
0.000180749
0.000509928
0.000365859
0.000304251
0.000273417
0.000255867
0.00024477
0.000237134
0.000231518
0.000227167
0.000223659
0.000220739
0.00021825
0.000216086
0.000214175
0.000212466
0.000210921
0.000209513
0.000208219
0.000207022
0.000205911
0.000204872
0.000203898
0.00020298
0.000202114
0.000201294
0.000200514
0.000199772
0.000199064
0.000198387
0.000197738
0.000197116
0.000196518
0.000195942
0.000195388
0.000194853
0.000194336
0.000193836
0.000193353
0.000192884
0.000192429
0.000191988
0.000191559
0.000191142
0.000190737
0.000190342
0.000189958
0.000189583
0.000189218
0.000188861
0.000188513
0.000188172
0.00018784
0.000187515
0.000187197
0.000186885
0.000186581
0.000186282
0.000185989
0.000185702
0.000185421
0.000185145
0.000184874
0.000184608
0.000184348
0.000184091
0.00018384
0.000183592
0.000183349
0.00018311
0.000182874
0.000182643
0.000182415
0.000182191
0.00018197
0.000181753
0.000181539
0.000181328
0.00018112
0.000180916
0.000180715
0.000509928
0.000365855
0.00030423
0.000273382
0.000255829
0.000244735
0.000237102
0.000231489
0.00022714
0.000223633
0.000220714
0.000218226
0.000216062
0.000214151
0.000212442
0.000210897
0.000209488
0.000208195
0.000206998
0.000205886
0.000204847
0.000203873
0.000202956
0.00020209
0.000201269
0.00020049
0.000199748
0.00019904
0.000198362
0.000197714
0.000197091
0.000196494
0.000195918
0.000195364
0.000194828
0.000194312
0.000193811
0.000193328
0.000192859
0.000192404
0.000191963
0.000191534
0.000191117
0.000190712
0.000190317
0.000189933
0.000189558
0.000189193
0.000188835
0.000188487
0.000188147
0.000187814
0.000187489
0.000187171
0.000186859
0.000186555
0.000186256
0.000185963
0.000185676
0.000185395
0.000185119
0.000184848
0.000184582
0.000184321
0.000184065
0.000183813
0.000183565
0.000183322
0.000183082
0.000182847
0.000182616
0.000182388
0.000182163
0.000181943
0.000181725
0.000181511
0.0001813
0.000181093
0.000180888
0.000180687
0.000509927
0.000365853
0.000304221
0.000273359
0.000255797
0.000244701
0.000237072
0.000231463
0.000227117
0.000223612
0.000220694
0.000218206
0.000216042
0.000214131
0.000212422
0.000210877
0.000209468
0.000208175
0.000206978
0.000205866
0.000204827
0.000203853
0.000202936
0.00020207
0.000201249
0.00020047
0.000199727
0.000199019
0.000198342
0.000197694
0.000197071
0.000196473
0.000195898
0.000195343
0.000194808
0.000194291
0.000193791
0.000193307
0.000192838
0.000192384
0.000191942
0.000191514
0.000191097
0.000190692
0.000190297
0.000189912
0.000189537
0.000189172
0.000188815
0.000188467
0.000188126
0.000187793
0.000187468
0.00018715
0.000186838
0.000186533
0.000186234
0.000185942
0.000185655
0.000185373
0.000185097
0.000184826
0.00018456
0.000184299
0.000184043
0.000183791
0.000183543
0.0001833
0.00018306
0.000182825
0.000182593
0.000182365
0.000182141
0.00018192
0.000181703
0.000181489
0.000181278
0.00018107
0.000180866
0.000180664
0.000509927
0.00036585
0.00030422
0.00027336
0.000255797
0.000244697
0.000237065
0.000231452
0.000227104
0.000223597
0.000220679
0.00021819
0.000216026
0.000214115
0.000212406
0.000210861
0.000209452
0.000208158
0.000206962
0.00020585
0.000204811
0.000203837
0.000202919
0.000202053
0.000201233
0.000200453
0.000199711
0.000199003
0.000198325
0.000197677
0.000197055
0.000196457
0.000195881
0.000195327
0.000194791
0.000194274
0.000193774
0.000193291
0.000192822
0.000192367
0.000191926
0.000191497
0.00019108
0.000190675
0.00019028
0.000189895
0.00018952
0.000189155
0.000188798
0.000188449
0.000188109
0.000187776
0.000187451
0.000187133
0.000186821
0.000186516
0.000186217
0.000185925
0.000185637
0.000185356
0.00018508
0.000184809
0.000184543
0.000184282
0.000184025
0.000183773
0.000183526
0.000183282
0.000183043
0.000182807
0.000182576
0.000182348
0.000182123
0.000181902
0.000181685
0.000181471
0.00018126
0.000181052
0.000180848
0.000180646
0.000509927
0.000365847
0.000304215
0.000273358
0.000255796
0.000244695
0.000237059
0.000231444
0.000227094
0.000223586
0.000220666
0.000218177
0.000216013
0.000214102
0.000212392
0.000210848
0.000209439
0.000208145
0.000206948
0.000205836
0.000204798
0.000203823
0.000202906
0.00020204
0.000201219
0.00020044
0.000199698
0.000198989
0.000198312
0.000197664
0.000197041
0.000196443
0.000195868
0.000195313
0.000194778
0.000194261
0.000193761
0.000193277
0.000192808
0.000192354
0.000191912
0.000191484
0.000191067
0.000190661
0.000190266
0.000189882
0.000189507
0.000189141
0.000188784
0.000188436
0.000188095
0.000187763
0.000187437
0.000187119
0.000186807
0.000186502
0.000186204
0.000185911
0.000185624
0.000185342
0.000185066
0.000184795
0.000184529
0.000184268
0.000184011
0.000183759
0.000183512
0.000183268
0.000183029
0.000182793
0.000182562
0.000182333
0.000182109
0.000181888
0.000181671
0.000181457
0.000181246
0.000181038
0.000180834
0.000180631
0.000509928
0.000365843
0.000304206
0.000273344
0.000255779
0.000244678
0.000237044
0.000231431
0.000227082
0.000223575
0.000220656
0.000218167
0.000216003
0.000214091
0.000212382
0.000210837
0.000209429
0.000208135
0.000206938
0.000205826
0.000204787
0.000203813
0.000202896
0.00020203
0.000201209
0.00020043
0.000199687
0.000198979
0.000198302
0.000197653
0.000197031
0.000196433
0.000195857
0.000195303
0.000194768
0.000194251
0.000193751
0.000193267
0.000192798
0.000192343
0.000191902
0.000191473
0.000191056
0.000190651
0.000190256
0.000189871
0.000189496
0.000189131
0.000188774
0.000188426
0.000188085
0.000187752
0.000187427
0.000187109
0.000186797
0.000186492
0.000186193
0.0001859
0.000185613
0.000185332
0.000185056
0.000184785
0.000184519
0.000184257
0.000184001
0.000183749
0.000183501
0.000183258
0.000183018
0.000182783
0.000182551
0.000182323
0.000182099
0.000181878
0.00018166
0.000181446
0.000181235
0.000181027
0.000180823
0.000180621
0.000509925
0.000365842
0.0003042
0.000273335
0.00025577
0.00024467
0.000237036
0.000231423
0.000227075
0.000223568
0.000220649
0.00021816
0.000215996
0.000214085
0.000212376
0.000210831
0.000209422
0.000208128
0.000206932
0.00020582
0.000204781
0.000203807
0.00020289
0.000202023
0.000201203
0.000200423
0.000199681
0.000198973
0.000198296
0.000197647
0.000197025
0.000196427
0.000195851
0.000195296
0.000194761
0.000194244
0.000193744
0.000193261
0.000192792
0.000192337
0.000191896
0.000191467
0.00019105
0.000190644
0.00019025
0.000189865
0.00018949
0.000189124
0.000188767
0.000188419
0.000188078
0.000187746
0.00018742
0.000187102
0.00018679
0.000186485
0.000186187
0.000185894
0.000185607
0.000185325
0.000185049
0.000184778
0.000184512
0.000184251
0.000183994
0.000183742
0.000183494
0.000183251
0.000183011
0.000182776
0.000182544
0.000182316
0.000182092
0.000181871
0.000181654
0.000181439
0.000181228
0.00018102
0.000180816
0.000180614
0.000509926
0.000365845
0.000304222
0.000273404
0.000255869
0.000244763
0.000237105
0.000231466
0.000227099
0.000223579
0.000220654
0.000218162
0.000215996
0.000214084
0.000212375
0.00021083
0.000209421
0.000208127
0.00020693
0.000205818
0.000204779
0.000203805
0.000202888
0.000202022
0.000201201
0.000200421
0.000199679
0.000198971
0.000198294
0.000197645
0.000197023
0.000196425
0.000195849
0.000195294
0.000194759
0.000194242
0.000193742
0.000193259
0.00019279
0.000192335
0.000191893
0.000191465
0.000191048
0.000190642
0.000190247
0.000189863
0.000189488
0.000189122
0.000188765
0.000188417
0.000188076
0.000187744
0.000187418
0.0001871
0.000186788
0.000186483
0.000186184
0.000185891
0.000185604
0.000185323
0.000185047
0.000184776
0.00018451
0.000184248
0.000183992
0.00018374
0.000183492
0.000183248
0.000183009
0.000182773
0.000182542
0.000182313
0.000182089
0.000181868
0.000181651
0.000181436
0.000181226
0.000181018
0.000180813
0.000180611
9.6062e-05
9.83655e-05
0.000100884
0.000104201
0.000107528
0.000112023
0.000116519
0.000121657
0.000127425
0.000133762
0.000140649
0.000148042
0.000155907
0.000164248
0.000172831
0.000182051
0.000191552
0.000201373
0.000211457
0.000221787
0.000232286
0.000242908
0.000253608
0.000264362
0.000275122
0.000285892
0.000296601
0.000307313
0.000318085
0.000328971
0.000339983
0.00035113
0.000362436
0.000373894
0.000385503
0.000397268
0.000409201
0.000421327
0.000433682
0.000446324
0.000459334
0.000472843
0.000487036
0.000502216
0.000518809
0.0005375
0.000559125
0.000584708
0.000615327
0.000650753
0.000692638
0.000736998
0.000776552
0.000776383
0.000633789
0.000238784
0.000239439
0.000240142
0.000240796
0.000241445
0.00024216
0.000242952
0.000243843
0.000244857
0.00024602
0.000247345
0.000248861
0.000250571
0.000252505
0.00025465
0.000257082
0.000259793
0.000262729
0.000265894
0.000269295
0.000272939
0.000276825
0.000280959
0.00028534
0.000289974
0.000294851
0.00029999
0.000305364
0.000311016
0.00031689
0.000322989
0.000329316
0.000335874
0.000342673
0.00034972
0.000357029
0.000364615
0.000372505
0.00038072
0.00038931
0.000398308
0.000407805
0.000417851
0.000428607
0.000440139
0.000452753
0.000466488
0.000481977
0.000498944
0.000519162
0.00054132
0.000569741
0.000598623
0.000632815
0.00065778
0.000381162
0.000381079
0.000381049
0.000381035
0.000381012
0.000380971
0.000380904
0.000380813
0.000380699
0.00038057
0.000380431
0.000380301
0.000380181
0.0003801
0.000380049
0.000379943
0.000379822
0.00037978
0.000379829
0.00037998
0.000380244
0.000380631
0.000381152
0.000381814
0.000382628
0.000383598
0.000384735
0.000386042
0.000387525
0.000389189
0.000391037
0.000393072
0.000395297
0.000397721
0.00040034
0.00040317
0.000406211
0.000409488
0.000412997
0.00041678
0.00042082
0.000425198
0.000429863
0.000434965
0.000440368
0.000446355
0.000452659
0.000459748
0.000467218
0.000475614
0.000484897
0.000494312
0.000507946
0.000513099
0.000534281
0.000512764
0.000512767
0.000512777
0.000512772
0.000512739
0.000512668
0.000512553
0.00051239
0.000512176
0.000511911
0.000511596
0.000511235
0.000510831
0.000510391
0.000509922
0.00050943
0.00050892
0.000508399
0.000507879
0.000507367
0.000506873
0.000506407
0.000505977
0.000505592
0.00050526
0.000504988
0.000504786
0.000504658
0.000504612
0.000504652
0.000504784
0.000505013
0.000505342
0.000505777
0.000506319
0.000506975
0.000507743
0.000508636
0.000509644
0.000510792
0.00051205
0.00051347
0.000514985
0.000516695
0.00051846
0.000520472
0.000522462
0.000524759
0.000526942
0.000529427
0.000531867
0.00053414
0.000537528
0.000537391
0.000542219
0.000622744
0.00062272
0.000622708
0.000622711
0.000622714
0.000622708
0.000622687
0.000622645
0.000622579
0.000622485
0.00062236
0.000622203
0.000622015
0.000621795
0.000621544
0.000621265
0.000620961
0.000620635
0.000620291
0.000619933
0.000619565
0.000619194
0.000618824
0.000618461
0.000618109
0.000617775
0.000617463
0.000617179
0.000616927
0.000616712
0.000616538
0.00061641
0.00061633
0.000616304
0.000616333
0.000616421
0.00061657
0.000616784
0.00061706
0.000617406
0.000617811
0.00061829
0.000618814
0.000619419
0.000620036
0.000620743
0.000621402
0.000622169
0.000622791
0.000623532
0.000624052
0.000624528
0.000625198
0.000624068
0.000625026
0.000704502
0.000704633
0.000704773
0.000704922
0.000705072
0.000705216
0.000705348
0.000705467
0.000705568
0.00070565
0.000705711
0.000705749
0.000705764
0.000705755
0.000705724
0.000705669
0.000705593
0.000705498
0.000705385
0.000705257
0.000705117
0.000704967
0.00070481
0.00070465
0.000704491
0.000704336
0.000704188
0.000704051
0.000703929
0.000703825
0.000703743
0.000703685
0.000703656
0.000703657
0.000703691
0.000703762
0.00070387
0.000704018
0.000704205
0.000704434
0.000704701
0.000705009
0.000705347
0.000705726
0.000706113
0.000706543
0.00070694
0.000707392
0.000707729
0.000708177
0.00070834
0.000708786
0.000708579
0.00070912
0.000708156
0.000752349
0.000752616
0.000752876
0.000753145
0.000753416
0.000753684
0.000753949
0.000754207
0.000754458
0.000754699
0.00075493
0.00075515
0.000755358
0.000755553
0.000755734
0.000755902
0.000756057
0.0007562
0.000756331
0.000756451
0.000756561
0.000756664
0.00075676
0.000756852
0.000756941
0.000757031
0.000757122
0.000757219
0.000757322
0.000757435
0.00075756
0.000757699
0.000757855
0.000758029
0.000758224
0.000758442
0.000758683
0.000758949
0.000759241
0.000759558
0.000759899
0.000760264
0.000760649
0.000761053
0.000761467
0.000761895
0.000762312
0.000762739
0.000763122
0.000763522
0.00076381
0.000764174
0.000764244
0.000764702
0.000764089
0.000762301
0.000762718
0.000763133
0.000763548
0.000763962
0.000764373
0.000764783
0.000765188
0.00076559
0.000765986
0.000766377
0.00076676
0.000767137
0.000767506
0.000767867
0.00076822
0.000768565
0.000768903
0.000769232
0.000769555
0.000769872
0.000770184
0.000770492
0.000770796
0.000771099
0.000771401
0.000771704
0.00077201
0.00077232
0.000772636
0.00077296
0.000773292
0.000773635
0.000773989
0.000774357
0.000774738
0.000775135
0.000775547
0.000775974
0.000776417
0.000776874
0.000777345
0.000777827
0.000778319
0.000778815
0.000779315
0.00077981
0.000780301
0.000780771
0.000781232
0.000781645
0.000782067
0.000782349
0.000782812
0.000782678
0.000731083
0.000731619
0.000732155
0.000732692
0.000733228
0.000733764
0.000734299
0.000734834
0.000735366
0.000735897
0.000736425
0.00073695
0.000737471
0.00073799
0.000738504
0.000739015
0.000739522
0.000740026
0.000740525
0.000741022
0.000741515
0.000742007
0.000742496
0.000742984
0.000743471
0.000743959
0.000744448
0.000744939
0.000745432
0.000745929
0.000746431
0.000746938
0.000747452
0.000747973
0.000748501
0.000749037
0.000749581
0.000750134
0.000750695
0.000751264
0.00075184
0.000752422
0.000753009
0.000753599
0.000754189
0.000754777
0.00075536
0.000755936
0.000756497
0.000757047
0.000757566
0.00075808
0.000758527
0.000759009
0.0007594
0.000656609
0.000657254
0.000657899
0.000658546
0.000659194
0.000659842
0.000660492
0.000661141
0.000661791
0.000662441
0.00066309
0.000663739
0.000664387
0.000665034
0.00066568
0.000666325
0.000666969
0.000667611
0.000668252
0.000668891
0.00066953
0.000670168
0.000670805
0.000671442
0.000672078
0.000672715
0.000673353
0.000673992
0.000674632
0.000675275
0.00067592
0.000676567
0.000677217
0.000677871
0.000678529
0.00067919
0.000679854
0.000680522
0.000681194
0.000681868
0.000682544
0.000683222
0.0006839
0.000684578
0.000685252
0.000685925
0.000686589
0.000687247
0.000687894
0.000688526
0.000689154
0.000689736
0.000690362
0.000690828
0.000691598
0.000541305
0.000542013
0.000542724
0.000543436
0.00054415
0.000544865
0.000545582
0.0005463
0.00054702
0.00054774
0.000548462
0.000549184
0.000549907
0.000550631
0.000551355
0.000552079
0.000552804
0.000553529
0.000554254
0.00055498
0.000555706
0.000556432
0.000557158
0.000557885
0.000558613
0.000559341
0.000560069
0.000560799
0.000561529
0.000562261
0.000562993
0.000563727
0.000564462
0.000565199
0.000565936
0.000566675
0.000567414
0.000568155
0.000568896
0.000569638
0.000570378
0.000571119
0.000571856
0.000572593
0.000573325
0.000574053
0.000574777
0.000575488
0.000576207
0.000576882
0.000577614
0.000578214
0.000578993
0.000579502
0.000580122
0.000398082
0.000398748
0.000399415
0.000400085
0.000400757
0.00040143
0.000402106
0.000402784
0.000403463
0.000404144
0.000404828
0.000405513
0.000406199
0.000406888
0.000407578
0.000408269
0.000408962
0.000409657
0.000410352
0.000411049
0.000411748
0.000412447
0.000413148
0.000413849
0.000414552
0.000415256
0.00041596
0.000416666
0.000417373
0.000418081
0.000418789
0.000419498
0.000420208
0.000420919
0.000421629
0.000422343
0.000423052
0.000423767
0.000424475
0.000425191
0.000425896
0.000426612
0.000427312
0.000428028
0.000428718
0.000429433
0.000430112
0.000430824
0.000431487
0.000432193
0.000432841
0.00043353
0.000434176
0.000434823
0.000435434
0.000270472
0.000270856
0.000271242
0.000271629
0.000272018
0.00027241
0.000272803
0.000273199
0.000273596
0.000273996
0.000274398
0.000274802
0.000275208
0.000275616
0.000276026
0.000276438
0.000276852
0.000277268
0.000277686
0.000278105
0.000278526
0.000278949
0.000279373
0.000279799
0.000280226
0.000280655
0.000281085
0.000281518
0.00028195
0.000282385
0.00028282
0.000283259
0.000283695
0.000284138
0.000284576
0.000285021
0.000285461
0.000285909
0.000286349
0.000286801
0.00028724
0.000287694
0.000288131
0.000288589
0.000289022
0.000289482
0.00028991
0.000290373
0.000290793
0.000291259
0.000291668
0.000292137
0.000292533
0.000293011
0.000293343
0.000208527
0.000208651
0.000208775
0.000208901
0.000209028
0.000209157
0.000209286
0.000209417
0.000209549
0.000209682
0.000209815
0.000209949
0.000210083
0.000210217
0.000210352
0.000210487
0.000210622
0.000210758
0.000210893
0.000211029
0.000211164
0.000211301
0.000211437
0.000211574
0.00021171
0.000211849
0.000211986
0.000212126
0.000212265
0.000212407
0.000212546
0.00021269
0.000212831
0.000212977
0.000213118
0.000213266
0.000213408
0.000213558
0.0002137
0.000213852
0.000213993
0.000214147
0.000214287
0.000214443
0.00021458
0.000214738
0.000214872
0.000215033
0.000215163
0.000215327
0.000215452
0.000215619
0.00021574
0.00021591
0.000216018
0.000187521
0.000187553
0.000187584
0.000187616
0.000187648
0.000187681
0.000187714
0.000187748
0.000187782
0.000187816
0.00018785
0.000187885
0.00018792
0.000187955
0.00018799
0.000188026
0.000188061
0.000188097
0.000188133
0.000188169
0.000188205
0.000188241
0.000188277
0.000188313
0.00018835
0.000188387
0.000188424
0.000188461
0.000188498
0.000188536
0.000188574
0.000188612
0.000188651
0.00018869
0.000188729
0.000188768
0.000188807
0.000188847
0.000188887
0.000188927
0.000188967
0.000189008
0.000189048
0.000189088
0.000189128
0.000189169
0.000189209
0.000189249
0.00018929
0.00018933
0.00018937
0.00018941
0.000189445
0.000189511
0.000189539
0.000182087
0.000182087
0.000182087
0.000182087
0.000182087
0.000182087
0.000182087
0.000182087
0.000182088
0.000182088
0.000182089
0.00018209
0.00018209
0.000182091
0.000182092
0.000182093
0.000182094
0.000182095
0.000182096
0.000182097
0.000182099
0.0001821
0.000182101
0.000182103
0.000182104
0.000182106
0.000182108
0.000182109
0.000182111
0.000182113
0.000182115
0.000182117
0.000182119
0.000182121
0.000182123
0.000182126
0.000182128
0.000182131
0.000182133
0.000182136
0.000182139
0.000182142
0.000182144
0.000182147
0.00018215
0.000182153
0.000182156
0.000182159
0.000182162
0.000182166
0.000182168
0.000182172
0.000182175
0.000182178
0.000182186
0.000181082
0.000181076
0.000181069
0.000181063
0.000181056
0.00018105
0.000181043
0.000181037
0.00018103
0.000181024
0.000181018
0.000181011
0.000181005
0.000180999
0.000180992
0.000180986
0.00018098
0.000180974
0.000180967
0.000180961
0.000180955
0.000180949
0.000180943
0.000180937
0.000180931
0.000180925
0.000180919
0.000180913
0.000180907
0.000180901
0.000180895
0.00018089
0.000180884
0.000180878
0.000180872
0.000180867
0.000180861
0.000180856
0.00018085
0.000180844
0.000180839
0.000180833
0.000180828
0.000180822
0.000180817
0.000180811
0.000180806
0.0001808
0.000180796
0.000180789
0.000180785
0.000180778
0.000180775
0.000180767
0.000180768
0.000180881
0.000180873
0.000180866
0.000180858
0.000180851
0.000180843
0.000180836
0.000180829
0.000180821
0.000180814
0.000180806
0.000180799
0.000180792
0.000180784
0.000180777
0.00018077
0.000180762
0.000180755
0.000180748
0.000180741
0.000180733
0.000180726
0.000180719
0.000180712
0.000180704
0.000180697
0.00018069
0.000180683
0.000180676
0.000180669
0.000180662
0.000180655
0.000180647
0.000180641
0.000180633
0.000180627
0.000180619
0.000180613
0.000180605
0.000180599
0.000180592
0.000180585
0.000180578
0.000180571
0.000180564
0.000180557
0.000180551
0.000180543
0.000180538
0.000180529
0.000180524
0.000180515
0.000180512
0.000180501
0.000180498
0.000180796
0.000180788
0.000180781
0.000180773
0.000180765
0.000180758
0.00018075
0.000180743
0.000180735
0.000180728
0.00018072
0.000180712
0.000180705
0.000180697
0.00018069
0.000180682
0.000180675
0.000180667
0.00018066
0.000180653
0.000180645
0.000180638
0.00018063
0.000180623
0.000180615
0.000180608
0.000180601
0.000180593
0.000180586
0.000180579
0.000180571
0.000180564
0.000180556
0.000180549
0.000180542
0.000180535
0.000180527
0.00018052
0.000180513
0.000180506
0.000180498
0.000180491
0.000180484
0.000180477
0.00018047
0.000180462
0.000180456
0.000180448
0.000180442
0.000180433
0.000180428
0.000180419
0.000180414
0.000180404
0.0001804
0.000180733
0.000180726
0.000180718
0.00018071
0.000180703
0.000180695
0.000180687
0.00018068
0.000180672
0.000180665
0.000180657
0.000180649
0.000180642
0.000180634
0.000180627
0.000180619
0.000180611
0.000180604
0.000180596
0.000180589
0.000180581
0.000180574
0.000180566
0.000180559
0.000180551
0.000180544
0.000180536
0.000180529
0.000180521
0.000180514
0.000180506
0.000180499
0.000180491
0.000180484
0.000180477
0.00018047
0.000180462
0.000180455
0.000180447
0.00018044
0.000180432
0.000180425
0.000180418
0.00018041
0.000180403
0.000180396
0.000180389
0.000180381
0.000180374
0.000180366
0.00018036
0.000180351
0.000180346
0.000180336
0.000180332
0.000180682
0.000180674
0.000180667
0.000180659
0.000180651
0.000180643
0.000180636
0.000180628
0.00018062
0.000180613
0.000180605
0.000180598
0.00018059
0.000180582
0.000180575
0.000180567
0.000180559
0.000180552
0.000180544
0.000180537
0.000180529
0.000180522
0.000180514
0.000180507
0.000180499
0.000180491
0.000180484
0.000180476
0.000180469
0.000180461
0.000180454
0.000180446
0.000180439
0.000180431
0.000180424
0.000180416
0.000180409
0.000180401
0.000180394
0.000180387
0.000180379
0.000180372
0.000180364
0.000180357
0.000180349
0.000180342
0.000180334
0.000180327
0.00018032
0.000180312
0.000180305
0.000180297
0.000180291
0.000180281
0.000180277
0.00018064
0.000180632
0.000180624
0.000180616
0.000180609
0.000180601
0.000180593
0.000180586
0.000180578
0.00018057
0.000180563
0.000180555
0.000180547
0.00018054
0.000180532
0.000180524
0.000180517
0.000180509
0.000180501
0.000180494
0.000180486
0.000180479
0.000180471
0.000180463
0.000180456
0.000180448
0.000180441
0.000180433
0.000180425
0.000180418
0.00018041
0.000180403
0.000180395
0.000180388
0.00018038
0.000180373
0.000180365
0.000180358
0.00018035
0.000180343
0.000180335
0.000180328
0.00018032
0.000180312
0.000180305
0.000180297
0.00018029
0.000180282
0.000180275
0.000180267
0.000180261
0.000180252
0.000180246
0.000180236
0.000180232
0.000180605
0.000180597
0.000180589
0.000180582
0.000180574
0.000180566
0.000180559
0.000180551
0.000180543
0.000180535
0.000180528
0.00018052
0.000180512
0.000180505
0.000180497
0.000180489
0.000180482
0.000180474
0.000180466
0.000180459
0.000180451
0.000180444
0.000180436
0.000180428
0.00018042
0.000180413
0.000180405
0.000180398
0.00018039
0.000180383
0.000180375
0.000180367
0.00018036
0.000180352
0.000180344
0.000180337
0.000180329
0.000180322
0.000180314
0.000180307
0.000180299
0.000180292
0.000180284
0.000180276
0.000180269
0.000180261
0.000180254
0.000180246
0.000180239
0.000180231
0.000180225
0.000180215
0.00018021
0.000180199
0.000180196
0.000180577
0.000180569
0.000180561
0.000180554
0.000180546
0.000180538
0.00018053
0.000180523
0.000180515
0.000180507
0.000180499
0.000180492
0.000180484
0.000180476
0.000180469
0.000180461
0.000180453
0.000180446
0.000180438
0.00018043
0.000180422
0.000180415
0.000180407
0.0001804
0.000180392
0.000180384
0.000180377
0.000180369
0.000180361
0.000180354
0.000180346
0.000180339
0.000180331
0.000180323
0.000180316
0.000180308
0.0001803
0.000180293
0.000180285
0.000180278
0.00018027
0.000180263
0.000180255
0.000180247
0.00018024
0.000180232
0.000180225
0.000180217
0.00018021
0.000180201
0.000180195
0.000180186
0.000180181
0.00018017
0.000180167
0.000180554
0.000180546
0.000180538
0.000180531
0.000180523
0.000180515
0.000180507
0.0001805
0.000180492
0.000180484
0.000180476
0.000180469
0.000180461
0.000180453
0.000180446
0.000180438
0.00018043
0.000180423
0.000180415
0.000180407
0.000180399
0.000180392
0.000180384
0.000180377
0.000180369
0.000180361
0.000180353
0.000180346
0.000180338
0.000180331
0.000180323
0.000180315
0.000180307
0.0001803
0.000180292
0.000180285
0.000180277
0.00018027
0.000180262
0.000180254
0.000180247
0.000180239
0.000180231
0.000180224
0.000180216
0.000180209
0.000180201
0.000180194
0.000180186
0.000180178
0.000180171
0.000180163
0.000180157
0.000180147
0.000180142
0.000180536
0.000180528
0.00018052
0.000180512
0.000180505
0.000180497
0.000180489
0.000180481
0.000180474
0.000180466
0.000180458
0.00018045
0.000180443
0.000180435
0.000180427
0.00018042
0.000180412
0.000180404
0.000180396
0.000180389
0.000180381
0.000180373
0.000180366
0.000180358
0.00018035
0.000180343
0.000180335
0.000180327
0.000180319
0.000180312
0.000180304
0.000180297
0.000180289
0.000180281
0.000180274
0.000180266
0.000180258
0.000180251
0.000180243
0.000180236
0.000180228
0.00018022
0.000180213
0.000180205
0.000180198
0.00018019
0.000180183
0.000180175
0.000180168
0.000180159
0.000180153
0.000180143
0.000180138
0.000180128
0.000180124
0.000180521
0.000180513
0.000180506
0.000180498
0.00018049
0.000180482
0.000180475
0.000180467
0.000180459
0.000180451
0.000180444
0.000180436
0.000180428
0.00018042
0.000180413
0.000180405
0.000180397
0.00018039
0.000180382
0.000180374
0.000180366
0.000180359
0.000180351
0.000180343
0.000180336
0.000180328
0.00018032
0.000180313
0.000180305
0.000180297
0.00018029
0.000180282
0.000180274
0.000180267
0.000180259
0.000180252
0.000180244
0.000180236
0.000180228
0.000180221
0.000180213
0.000180206
0.000180198
0.00018019
0.000180183
0.000180175
0.000180168
0.00018016
0.000180153
0.000180144
0.000180138
0.000180129
0.000180124
0.000180113
0.000180109
0.00018051
0.000180503
0.000180495
0.000180487
0.000180479
0.000180471
0.000180464
0.000180456
0.000180448
0.00018044
0.000180433
0.000180425
0.000180417
0.000180409
0.000180402
0.000180394
0.000180386
0.000180379
0.000180371
0.000180363
0.000180355
0.000180348
0.00018034
0.000180332
0.000180325
0.000180317
0.000180309
0.000180302
0.000180294
0.000180286
0.000180278
0.000180271
0.000180263
0.000180256
0.000180248
0.000180241
0.000180233
0.000180225
0.000180217
0.00018021
0.000180202
0.000180195
0.000180187
0.000180179
0.000180172
0.000180164
0.000180157
0.000180149
0.000180142
0.000180133
0.000180127
0.000180118
0.000180112
0.000180102
0.000180098
0.000180503
0.000180496
0.000180488
0.00018048
0.000180472
0.000180465
0.000180457
0.000180449
0.000180441
0.000180434
0.000180426
0.000180418
0.00018041
0.000180403
0.000180395
0.000180387
0.000180379
0.000180372
0.000180364
0.000180356
0.000180348
0.000180341
0.000180333
0.000180325
0.000180318
0.00018031
0.000180302
0.000180295
0.000180287
0.000180279
0.000180272
0.000180264
0.000180256
0.000180249
0.000180241
0.000180234
0.000180226
0.000180218
0.00018021
0.000180203
0.000180195
0.000180188
0.00018018
0.000180172
0.000180165
0.000180157
0.00018015
0.000180142
0.000180135
0.000180126
0.00018012
0.000180111
0.000180105
0.000180095
0.000180091
0.000180501
0.000180493
0.000180485
0.000180477
0.000180469
0.000180462
0.000180454
0.000180446
0.000180438
0.000180431
0.000180423
0.000180415
0.000180407
0.0001804
0.000180392
0.000180384
0.000180376
0.000180369
0.000180361
0.000180353
0.000180346
0.000180338
0.00018033
0.000180323
0.000180315
0.000180307
0.000180299
0.000180292
0.000180284
0.000180277
0.000180269
0.000180261
0.000180253
0.000180246
0.000180238
0.000180231
0.000180223
0.000180215
0.000180207
0.0001802
0.000180192
0.000180185
0.000180177
0.000180169
0.000180162
0.000180154
0.000180147
0.000180139
0.000180132
0.000180123
0.000180117
0.000180108
0.000180103
0.000180092
0.000180088
0.000138178
0.000113126
0.000102937
9.88493e-05
9.7117e-05
9.60412e-05
9.53179e-05
9.48795e-05
9.45382e-05
9.43056e-05
9.40773e-05
9.39369e-05
9.37581e-05
9.36675e-05
9.35301e-05
9.34274e-05
9.33427e-05
0.000411019
0.000362863
0.000326998
0.000308656
0.000294795
0.00028516
0.000277966
0.000272294
0.00026743
0.000263625
0.000260181
0.000257638
0.000255079
0.000253397
0.000251571
0.000250123
0.000248681
0.000497088
0.000511285
0.000470823
0.00046031
0.000451897
0.000445907
0.000441251
0.000437417
0.00043341
0.000430189
0.00042658
0.000423952
0.000420715
0.000418775
0.000415913
0.000414082
0.000411865
0.000541112
0.000569894
0.000570562
0.000564505
0.000565248
0.000564701
0.000565637
0.000566817
0.000567145
0.000567674
0.000567149
0.000567107
0.000566072
0.000565747
0.000564406
0.000563711
0.000562351
0.000621739
0.000635988
0.000645812
0.000650191
0.000652508
0.00065374
0.000658978
0.000663335
0.000667372
0.000671282
0.000674524
0.000677655
0.000680143
0.00068227
0.000684078
0.0006855
0.000686824
0.00070274
0.000710254
0.000720048
0.000722592
0.000725706
0.000726947
0.000732698
0.000736493
0.000741491
0.000746552
0.000752426
0.00075751
0.000762932
0.000766995
0.000771939
0.000775575
0.000780197
0.000755098
0.000766437
0.0007707
0.000775479
0.000779685
0.00078154
0.000785597
0.000789357
0.000793995
0.000799153
0.000804725
0.000810595
0.00081716
0.0008223
0.000829097
0.000834437
0.000841717
0.000774637
0.000784759
0.000788735
0.000794648
0.000801138
0.000805373
0.000810788
0.00081487
0.000820284
0.000824774
0.00083106
0.00083595
0.00084366
0.000848396
0.000856862
0.000862001
0.000872005
0.000754135
0.000763641
0.000768825
0.000774646
0.000783251
0.00078946
0.000797575
0.000803241
0.00081094
0.0008161
0.000824041
0.000828971
0.000837631
0.000842701
0.000851724
0.000858197
0.00086841
0.000691211
0.000701089
0.00071106
0.000716277
0.000725366
0.000731815
0.000741836
0.00074887
0.000758966
0.000765652
0.000775826
0.000782103
0.000792404
0.000798568
0.000808925
0.000816304
0.000828011
0.000584535
0.000588672
0.000601178
0.000610249
0.000622096
0.000630193
0.00064223
0.000650593
0.000662775
0.000670907
0.000683215
0.000691031
0.000703391
0.000710956
0.000723217
0.000731977
0.000745555
0.000441348
0.000446901
0.000459141
0.000469014
0.000482264
0.000491169
0.000504557
0.000513649
0.000527241
0.000536165
0.000549913
0.000558635
0.000572509
0.000581095
0.00059482
0.000605006
0.000620117
0.000298503
0.000302468
0.000310943
0.000318303
0.000329664
0.000336933
0.000349004
0.000356841
0.000369625
0.000377725
0.000391034
0.000399332
0.000413037
0.000421542
0.000435236
0.000445755
0.000461031
0.000217874
0.000219755
0.00022298
0.000225764
0.000230121
0.000233215
0.000238408
0.000241768
0.000248202
0.000251875
0.000259418
0.000263656
0.000271929
0.000276995
0.000285681
0.000293035
0.000303521
0.000189913
0.000190587
0.00019123
0.000192226
0.000193134
0.00019435
0.000195866
0.00019672
0.000198591
0.000199599
0.000201788
0.000203124
0.000205486
0.000207314
0.000210195
0.000211486
0.000215317
0.000182226
0.000182253
0.000182281
0.000182325
0.000182443
0.000182524
0.000182724
0.000182857
0.000183143
0.000183344
0.000183707
0.000184004
0.000184446
0.000184863
0.000185437
0.000185761
0.000187247
0.000180663
0.000180664
0.000180426
0.000180417
0.00018019
0.000180196
0.000179981
0.00018
0.000179801
0.000179837
0.000179656
0.000179707
0.000179553
0.000179615
0.000179514
0.000179506
0.000179732
0.000180371
0.000180353
0.000180088
0.000180055
0.000179796
0.000179765
0.000179516
0.000179482
0.000179246
0.000179209
0.000178989
0.000178938
0.000178767
0.000178591
0.000178867
0.000177136
0.000179949
0.000180277
0.000180229
0.000179983
0.000179924
0.000179686
0.000179624
0.000179397
0.000179331
0.000179115
0.000179043
0.000178839
0.000178769
0.000178543
0.000178596
0.000177918
0.000179616
0.000176178
0.000180211
0.00018015
0.000179912
0.000179844
0.000179613
0.000179543
0.000179322
0.000179247
0.000179038
0.000178958
0.000178759
0.000178682
0.00017846
0.000178505
0.000177825
0.000179577
0.000175975
0.000180161
0.000180084
0.00017986
0.000179777
0.000179562
0.000179474
0.000179271
0.000179177
0.000178988
0.000178886
0.000178709
0.000178607
0.000178411
0.000178427
0.000177782
0.000179478
0.000175937
0.000180105
0.000180048
0.000179801
0.000179741
0.000179502
0.000179439
0.00017921
0.000179143
0.000178925
0.000178852
0.000178647
0.000178565
0.000178376
0.000178283
0.00017811
0.000178038
0.000177722
0.000180062
0.000180016
0.000179757
0.000179709
0.000179458
0.000179407
0.000179165
0.000179111
0.000178879
0.00017882
0.000178601
0.000178534
0.000178329
0.000178252
0.000178063
0.000177989
0.000177729
0.000180038
0.00017998
0.000179733
0.000179672
0.000179434
0.000179369
0.000179141
0.000179072
0.000178856
0.000178781
0.000178578
0.000178494
0.000178306
0.000178213
0.000178035
0.000177965
0.000177659
0.000180024
0.000179945
0.000179719
0.000179636
0.000179421
0.000179333
0.000179129
0.000179035
0.000178844
0.000178744
0.000178564
0.000178464
0.000178263
0.000178286
0.000177626
0.000179341
0.000175791
0.000179993
0.000179939
0.000179686
0.000179631
0.000179387
0.000179329
0.000179094
0.000179032
0.000178808
0.000178741
0.000178529
0.000178454
0.000178257
0.000178171
0.00017799
0.000177917
0.000177628
0.000179979
0.000179923
0.000179672
0.000179615
0.000179373
0.000179313
0.00017908
0.000179016
0.000178794
0.000178724
0.000178515
0.000178437
0.000178243
0.000178156
0.000177973
0.000177902
0.000177612
0.000179975
0.000179904
0.000179669
0.000179595
0.00017937
0.000179293
0.000179077
0.000178996
0.000178792
0.000178704
0.00017851
0.000178426
0.000178208
0.000178251
0.000177561
0.000179328
0.00017572
0.000179969
0.000179896
0.000179663
0.000179587
0.000179364
0.000179284
0.000179071
0.000178987
0.000178786
0.000178696
0.000178504
0.000178417
0.000178202
0.000178241
0.000177557
0.000179318
0.000175714
0.000179955
0.000179905
0.000179648
0.000179597
0.000179348
0.000179294
0.000179055
0.000178998
0.000178769
0.000178706
0.00017849
0.000178419
0.000178217
0.000178137
0.00017795
0.000177877
0.000177605
)
;

boundaryField
{
    inlet
    {
        type            calculated;
        value           uniform 0.000677711;
    }
    outlet
    {
        type            zeroGradient;
    }
    topWall
    {
        type            calculated;
        value           nonuniform List<scalar> 
152
(
0.000509926
0.000365845
0.000304222
0.000273404
0.000255869
0.000244763
0.000237105
0.000231466
0.000227099
0.000223579
0.000220654
0.000218162
0.000215996
0.000214084
0.000212375
0.00021083
0.000209421
0.000208127
0.00020693
0.000205818
0.000204779
0.000203805
0.000202888
0.000202022
0.000201201
0.000200421
0.000199679
0.000198971
0.000198294
0.000197645
0.000197023
0.000196425
0.000195849
0.000195294
0.000194759
0.000194242
0.000193742
0.000193259
0.00019279
0.000192335
0.000191893
0.000191465
0.000191048
0.000190642
0.000190247
0.000189863
0.000189488
0.000189122
0.000188765
0.000188417
0.000188076
0.000187744
0.000187418
0.0001871
0.000186788
0.000186483
0.000186184
0.000185891
0.000185604
0.000185323
0.000185047
0.000184776
0.00018451
0.000184248
0.000183992
0.00018374
0.000183492
0.000183248
0.000183009
0.000182773
0.000182542
0.000182313
0.000182089
0.000181868
0.000181651
0.000181436
0.000181226
0.000181018
0.000180813
0.000180611
0.000180501
0.000180493
0.000180485
0.000180477
0.000180469
0.000180462
0.000180454
0.000180446
0.000180438
0.000180431
0.000180423
0.000180415
0.000180407
0.0001804
0.000180392
0.000180384
0.000180376
0.000180369
0.000180361
0.000180353
0.000180346
0.000180338
0.00018033
0.000180323
0.000180315
0.000180307
0.000180299
0.000180292
0.000180284
0.000180277
0.000180269
0.000180261
0.000180253
0.000180246
0.000180238
0.000180231
0.000180223
0.000180215
0.000180207
0.0001802
0.000180192
0.000180185
0.000180177
0.000180169
0.000180162
0.000180154
0.000180147
0.000180139
0.000180132
0.000180123
0.000180117
0.000180108
0.000180103
0.000180092
0.000180088
0.000179955
0.000179905
0.000179648
0.000179597
0.000179348
0.000179294
0.000179055
0.000178998
0.000178769
0.000178706
0.00017849
0.000178419
0.000178217
0.000178137
0.00017795
0.000177877
0.000177605
)
;
    }
    floorWall
    {
        type            nutkWallFunction;
        blending        stepwise;
        value           nonuniform List<scalar> 
97
(
3.1157e-05
1.96444e-05
1.42541e-05
1.14189e-05
9.78626e-06
8.75194e-06
8.05296e-06
7.52928e-06
7.13739e-06
6.82707e-06
6.57731e-06
6.37508e-06
6.21139e-06
6.07425e-06
5.95972e-06
5.85628e-06
5.76797e-06
5.68474e-06
5.60888e-06
5.53673e-06
5.47022e-06
5.40621e-06
5.3469e-06
5.28879e-06
5.2358e-06
5.18291e-06
5.13507e-06
5.08675e-06
5.04306e-06
4.99846e-06
4.95861e-06
4.91734e-06
4.88087e-06
4.84248e-06
4.80895e-06
4.77308e-06
4.74207e-06
4.70856e-06
4.67959e-06
4.64826e-06
4.62119e-06
4.59175e-06
4.56632e-06
4.53863e-06
4.51466e-06
4.48854e-06
4.46597e-06
4.44119e-06
4.4199e-06
4.3963e-06
4.37625e-06
4.35382e-06
4.3348e-06
4.31352e-06
4.29534e-06
4.27518e-06
4.25773e-06
4.23871e-06
4.22181e-06
4.20391e-06
4.18744e-06
4.17065e-06
4.1545e-06
4.13878e-06
4.12285e-06
4.10816e-06
4.09238e-06
4.07866e-06
4.06285e-06
4.05013e-06
4.034e-06
4.02225e-06
4.00536e-06
3.99444e-06
3.97614e-06
3.96482e-06
3.9447e-06
3.92847e-06
3.88783e-06
3.91556e-06
1.07543e-05
6.93485e-06
5.36405e-06
4.7097e-06
4.42535e-06
4.24734e-06
4.12813e-06
4.05646e-06
4.00141e-06
3.96402e-06
3.92755e-06
3.90494e-06
3.87663e-06
3.86228e-06
3.83815e-06
3.82776e-06
3.80659e-06
)
;
    }
    frontAndBack
    {
        type            empty;
    }
    building
    {
        type            nutkWallFunction;
        blending        stepwise;
        value           uniform 0;
    }
}


// ************************************************************************* //
