/*--------------------------------*- C++ -*----------------------------------*\
| =========                 |                                                 |
| \\      /  F ield         | OpenFOAM: The Open Source CFD Toolbox           |
|  \\    /   O peration     | Version:  2312                                  |
|   \\  /    A nd           | Website:  www.openfoam.com                      |
|    \\/     M anipulation  |                                                 |
\*---------------------------------------------------------------------------*/
FoamFile
{
    version     2.0;
    format      ascii;
    arch        "LSB;label=32;scalar=64";
    class       volScalarField;
    location    "4000";
    object      p;
}
// * * * * * * * * * * * * * * * * * * * * * * * * * * * * * * * * * * * * * //

dimensions      [0 2 -2 0 0 0 0];

internalField   nonuniform List<scalar> 
5880
(
0.0147538
0.0147365
0.014661
0.014526
0.0143696
0.0142178
0.0140815
0.0139479
0.0137955
0.0136094
0.0133779
0.0130928
0.0127465
0.0123299
0.0118367
0.0112609
0.0106037
0.0098772
0.00909264
0.0082716
0.00744189
0.00661973
0.00583145
0.00511406
0.00450072
0.00402597
0.00371886
0.0036082
0.00371806
0.00406384
0.00465527
0.00549193
0.00657519
0.00790072
0.00944382
0.0111684
0.0130283
0.0149797
0.0169523
0.0188716
0.020646
0.0221754
0.0233693
0.0241557
0.0244775
0.024328
0.0237685
0.022947
0.0220643
0.0212904
0.0207414
0.0204643
0.0203785
0.020384
0.0204095
0.0147416
0.0147191
0.0146433
0.0145114
0.0143614
0.0142171
0.0140872
0.0139602
0.013813
0.0136316
0.0134055
0.0131275
0.0127895
0.0123825
0.0119004
0.0113372
0.0106922
0.0099747
0.00919248
0.00836217
0.00751632
0.00668067
0.00587738
0.00514151
0.00451079
0.00402044
0.0037003
0.00357798
0.0036769
0.00401199
0.0045914
0.00542015
0.00649344
0.00779393
0.0093236
0.0110272
0.012866
0.01479
0.0167327
0.0186216
0.0203674
0.0218734
0.0230503
0.0238221
0.0241442
0.0240167
0.023508
0.0227486
0.0219214
0.021199
0.0206918
0.0204394
0.0203817
0.0203995
0.0204277
0.0147289
0.0146929
0.0146121
0.0144819
0.0143427
0.014215
0.0141005
0.0139861
0.0138485
0.013675
0.0134589
0.0131942
0.0128725
0.0124836
0.01202
0.0114763
0.0108499
0.0101416
0.00935398
0.0085055
0.0076276
0.00675186
0.0059104
0.00513653
0.00447068
0.00394883
0.00360129
0.00345451
0.00352887
0.00383799
0.00438796
0.00518752
0.00623736
0.00749125
0.0089727
0.0106223
0.0124072
0.0142723
0.0161569
0.0179914
0.0196914
0.0211676
0.022339
0.0231355
0.0235135
0.0234743
0.0230702
0.0224178
0.0216826
0.0210367
0.0205966
0.0203857
0.0203605
0.0204026
0.020438
0.0147185
0.0146619
0.0145702
0.0144408
0.0143151
0.0142093
0.0141166
0.0140208
0.0138998
0.0137423
0.0135427
0.0132957
0.0129924
0.0126206
0.0121702
0.011635
0.011003
0.0102708
0.0094409
0.00853278
0.00758821
0.006647
0.00575177
0.00493857
0.00424154
0.0036947
0.003325
0.00315687
0.00320805
0.00348996
0.00400849
0.00477101
0.00577184
0.00698342
0.00840715
0.00999868
0.0117267
0.013539
0.0153791
0.017182
0.0188671
0.0203525
0.0215598
0.0224202
0.0228857
0.0229491
0.0226473
0.022085
0.0214268
0.0208434
0.0204539
0.0202903
0.0202973
0.0203671
0.0204145
0.0147084
0.0146273
0.0145216
0.0143926
0.0142811
0.0141988
0.0141321
0.0140596
0.0139603
0.0138242
0.0136452
0.0134158
0.0131232
0.0127523
0.0122849
0.0117091
0.0110158
0.0101975
0.00927391
0.00828203
0.0072683
0.00627587
0.00534141
0.00450151
0.00378614
0.00322464
0.00284117
0.0026574
0.00268945
0.00294782
0.00343889
0.00416711
0.00512532
0.006299
0.00767761
0.00922754
0.0109179
0.0127012
0.014525
0.0163261
0.0180294
0.0195567
0.0208275
0.0217711
0.0223335
0.0224977
0.0222908
0.0218076
0.0212074
0.020662
0.0202982
0.0201583
0.0201897
0.0202828
0.020344
0.0147062
0.0146005
0.0144755
0.0143485
0.0142514
0.0141907
0.0141495
0.0141016
0.014025
0.0139083
0.0137419
0.0135127
0.0132024
0.0127872
0.0122477
0.0115655
0.0107454
0.00980445
0.00877729
0.00771276
0.0066481
0.00562054
0.00466443
0.00381063
0.00308701
0.00251897
0.00212865
0.00193588
0.001955
0.00219609
0.00266549
0.00336605
0.00429237
0.00543443
0.00677844
0.00829729
0.00996072
0.0117257
0.0135424
0.01535
0.0170814
0.018661
0.0200071
0.0210476
0.0217247
0.0220103
0.0219241
0.0215456
0.0210199
0.0205153
0.0201655
0.0200268
0.0200599
0.0201605
0.0202295
0.0147381
0.0146076
0.0144569
0.0143337
0.0142493
0.014205
0.0141807
0.0141477
0.0140825
0.0139679
0.013785
0.0135139
0.0131275
0.0126005
0.0119153
0.0110728
0.0101047
0.00905248
0.00794394
0.00682097
0.00571944
0.00466943
0.00370174
0.00284268
0.00211757
0.00154846
0.00115572
0.000958679
0.000969374
0.00119607
0.00164486
0.00231907
0.00321536
0.00432416
0.00563166
0.00711489
0.0087454
0.0104844
0.0122858
0.0140946
0.0158505
0.0174824
0.0189136
0.020072
0.020896
0.0213501
0.0214374
0.0212207
0.020825
0.0204014
0.0200834
0.0199375
0.0199472
0.020033
0.0200908
0.01486
0.0146971
0.0145209
0.0143915
0.0143106
0.0142689
0.0142411
0.0141967
0.0141084
0.0139484
0.0136912
0.0133095
0.0127711
0.0120566
0.0111788
0.0101773
0.009085
0.00793495
0.00676001
0.00559319
0.00446433
0.0033997
0.00242612
0.0015667
0.000843475
0.000276265
-0.0001153
-0.000316321
-0.000316818
-0.000108471
0.000315405
0.000958112
0.0018169
0.00288271
0.00414254
0.0055767
0.00715937
0.00885645
0.0106272
0.0124249
0.0141962
0.0158757
0.0173956
0.0186895
0.0196961
0.0203729
0.020709
0.0207409
0.0205578
0.0202885
0.0200516
0.0199143
0.0198871
0.0199285
0.0199514
0.0151516
0.0149441
0.0147234
0.0145694
0.0144733
0.0144063
0.0143355
0.0142278
0.0140494
0.0137711
0.0133566
0.0127727
0.012005
0.0110759
0.0100242
0.00887933
0.00767608
0.00644502
0.00521425
0.00401067
0.00285946
0.00178383
0.000806084
-5.32691e-05
-0.000774306
-0.00133925
-0.0017345
-0.00194889
-0.00196827
-0.00178239
-0.00138693
-0.000782268
2.85687e-05
0.0010392
0.00223807
0.00360824
0.0051272
0.00676562
0.00848867
0.0102581
0.0120288
0.0137463
0.015353
0.0167901
0.0180072
0.0189588
0.0196203
0.0199959
0.0201311
0.020107
0.0200184
0.01993
0.0198764
0.0198507
0.0198283
0.0156776
0.0154036
0.0151014
0.0148965
0.0147523
0.0146117
0.0144331
0.0141834
0.0138292
0.0133303
0.0126555
0.011803
0.0107977
0.00966951
0.00845319
0.00717963
0.00587837
0.00457502
0.00329283
0.00205476
0.000881835
-0.000206367
-0.0011909
-0.00205367
-0.00277773
-0.00334793
-0.0037518
-0.00397772
-0.00401546
-0.00385749
-0.00350008
-0.00294304
-0.00218911
-0.00124403
-0.000117611
0.00117602
0.00261808
0.00418448
0.0058463
0.00757198
0.00932593
0.0110664
0.0127492
0.0143311
0.0157655
0.0170119
0.0180407
0.0188329
0.0193876
0.0197262
0.019884
0.019904
0.0198576
0.0197629
0.0196989
0.0164234
0.0160674
0.0156364
0.0153384
0.0150929
0.0148107
0.0144425
0.0139553
0.0133179
0.0125043
0.0115222
0.0103992
0.00916189
0.0078439
0.00647542
0.00508338
0.00369054
0.00231795
0.000985537
-0.000287746
-0.00148445
-0.00258778
-0.00358141
-0.00444997
-0.00517921
-0.00575641
-0.00617053
-0.00641186
-0.00647254
-0.00634704
-0.00603237
-0.00552812
-0.00483658
-0.0039628
-0.00291497
-0.00170452
-0.000346519
0.00114018
0.0027329
0.00440601
0.00613212
0.00788187
0.0096241
0.0113266
0.0129571
0.0144832
0.0158733
0.0170983
0.0181279
0.018929
0.0194697
0.0197299
0.019739
0.0196128
0.0195164
0.0172373
0.0167699
0.0161691
0.0157273
0.0153216
0.0148248
0.014181
0.0133688
0.0123787
0.0112252
0.00993965
0.00855502
0.00710199
0.00560884
0.00410016
0.00259669
0.00111657
-0.000322725
-0.00170461
-0.00301357
-0.00423487
-0.00535418
-0.00635784
-0.00723315
-0.00796851
-0.00855357
-0.0089793
-0.00923805
-0.00932374
-0.00923212
-0.00896089
-0.0085098
-0.00788078
-0.00707808
-0.00610838
-0.00498081
-0.00370688
-0.00230048
-0.000778183
0.000840619
0.00253381
0.00427914
0.00605677
0.00784658
0.00962666
0.0113757
0.0130708
0.0146813
0.016165
0.0174659
0.0185024
0.01917
0.0194032
0.0193417
0.0192278
0.0177896
0.0171813
0.0163851
0.01576
0.0151371
0.0143681
0.0134009
0.0122359
0.010901
0.00943354
0.00787648
0.00626413
0.00462298
0.00297576
0.00134206
-0.000261934
-0.00182119
-0.003321
-0.00474758
-0.00608824
-0.00733118
-0.00846429
-0.00947656
-0.0103578
-0.0110989
-0.0116917
-0.0121293
-0.0124057
-0.0125165
-0.0124586
-0.0122302
-0.0118311
-0.0112626
-0.010528
-0.00963281
-0.0085837
-0.00738956
-0.00606094
-0.00460938
-0.00304755
-0.00139067
0.000343159
0.00213702
0.00397825
0.00585541
0.00775458
0.00966006
0.011551
0.0133933
0.0151279
0.0166631
0.0178542
0.0185486
0.0187452
0.0186404
0.0175853
0.0168163
0.015838
0.0150143
0.0141611
0.0131228
0.0118611
0.0103986
0.00878573
0.00707595
0.00531249
0.00352602
0.0017386
-3.01338e-05
-0.00176337
-0.00344726
-0.00506898
-0.0066163
-0.00807754
-0.00944183
-0.0106991
-0.0118407
-0.0128576
-0.0137418
-0.0144863
-0.0150851
-0.015533
-0.015826
-0.0159608
-0.0159354
-0.0157485
-0.0154
-0.0148908
-0.014223
-0.0134
-0.0124263
-0.0113082
-0.0100529
-0.00866931
-0.00716806
-0.00555909
-0.00385195
-0.00205904
-0.00019517
0.00172863
0.00370515
0.00572452
0.00777115
0.00982157
0.011833
0.0137228
0.0153629
0.0165732
0.0171956
0.0173337
0.0160667
0.0152386
0.0141669
0.0131868
0.0121421
0.0108985
0.00943533
0.00778713
0.0060099
0.00415709
0.00227023
0.000377351
-0.00150084
-0.00334581
-0.00514159
-0.00687482
-0.00853371
-0.0101076
-0.0115864
-0.0129608
-0.0142223
-0.0153631
-0.0163769
-0.0172582
-0.0180014
-0.0186023
-0.0190575
-0.0193642
-0.0195204
-0.0195248
-0.0193767
-0.019076
-0.0186233
-0.0180198
-0.0172672
-0.0163683
-0.0153265
-0.0141468
-0.0128367
-0.0114024
-0.00985223
-0.00819467
-0.00643769
-0.0045909
-0.00266747
-0.000680039
0.00136213
0.00344723
0.00555457
0.00765155
0.00967978
0.0115311
0.0130701
0.0141945
0.0147188
0.0131139
0.0123397
0.0112852
0.0102304
0.00908648
0.0077504
0.00620754
0.00449628
0.00266991
0.000777313
-0.00114377
-0.003066
-0.00496815
-0.00683193
-0.00864177
-0.0103842
-0.0120473
-0.0136204
-0.015094
-0.0164598
-0.0177105
-0.0188396
-0.0198416
-0.0207118
-0.0214478
-0.0220459
-0.0225039
-0.0228202
-0.0229936
-0.0230238
-0.0229107
-0.0226545
-0.0222555
-0.0217143
-0.0210313
-0.0202077
-0.0192465
-0.0181506
-0.0169237
-0.0155713
-0.0141004
-0.0125186
-0.0108346
-0.00905745
-0.00719798
-0.00527101
-0.00329349
-0.00128124
0.000746764
0.00275689
0.00469348
0.00647819
0.00803475
0.00926673
0.00991612
0.00918695
0.00855459
0.0076097
0.00657431
0.00542634
0.00409643
0.00257684
0.000901819
-0.000882702
-0.00273424
-0.0046184
-0.00650784
-0.00838009
-0.0102159
-0.0119988
-0.0137146
-0.0153509
-0.0168969
-0.0183433
-0.0196821
-0.0209065
-0.022011
-0.022991
-0.0238426
-0.024563
-0.0251511
-0.0256052
-0.0259244
-0.0261088
-0.0261586
-0.0260743
-0.0258568
-0.0255066
-0.0250239
-0.0244095
-0.0236644
-0.0227883
-0.0217826
-0.0206503
-0.0193961
-0.0180266
-0.0165494
-0.0149738
-0.0133107
-0.0115722
-0.00977349
-0.00793427
-0.00607862
-0.00423221
-0.00242645
-0.000712603
0.000833693
0.00212539
0.00312722
0.00371571
0.00518951
0.00466932
0.0038514
0.00288896
0.00179102
0.000524607
-0.000911042
-0.00248887
-0.00417245
-0.00592589
-0.00771799
-0.00952235
-0.0113166
-0.0130813
-0.0147998
-0.0164573
-0.0180409
-0.0195394
-0.0209431
-0.0222436
-0.023434
-0.0245087
-0.0254631
-0.0262935
-0.0269974
-0.027573
-0.0280205
-0.0283389
-0.0285285
-0.0285906
-0.0285264
-0.0283369
-0.0280236
-0.0275883
-0.0270328
-0.0263574
-0.0255628
-0.0246498
-0.0236187
-0.0224723
-0.0212166
-0.0198609
-0.0184158
-0.016893
-0.0153067
-0.0136731
-0.0120116
-0.0103475
-0.00871206
-0.00713981
-0.00567267
-0.00436637
-0.00332959
-0.00258147
-0.00210444
0.00211272
0.00182767
0.00118912
0.000345759
-0.000688891
-0.00188157
-0.00322584
-0.00470384
-0.00628696
-0.0079448
-0.00964942
-0.0113753
-0.0130999
-0.0148031
-0.016467
-0.0180761
-0.0196165
-0.0210764
-0.0224454
-0.0237147
-0.0248772
-0.0259268
-0.026859
-0.0276701
-0.0283578
-0.0289206
-0.0293581
-0.0296704
-0.029858
-0.0299223
-0.0298648
-0.0296875
-0.0293922
-0.028982
-0.0284581
-0.0278229
-0.0270788
-0.0262284
-0.0252753
-0.0242232
-0.023077
-0.0218437
-0.0205331
-0.0191569
-0.0177272
-0.0162596
-0.0147753
-0.0133006
-0.0118674
-0.0105139
-0.00928542
-0.00822972
-0.00736122
-0.00670481
-0.00620059
0.000676979
0.000464247
2.8545e-05
-0.000620806
-0.00151623
-0.00261765
-0.00386805
-0.00523969
-0.00670883
-0.00825407
-0.0098529
-0.0114833
-0.0131245
-0.0147571
-0.0163634
-0.0179271
-0.0194334
-0.0208691
-0.0222225
-0.0234836
-0.0246436
-0.0256954
-0.026633
-0.0274519
-0.0281487
-0.028721
-0.0291676
-0.0294888
-0.029684
-0.0297536
-0.0296983
-0.0295197
-0.0292196
-0.0288009
-0.0282662
-0.0276195
-0.0268659
-0.0260113
-0.0250628
-0.0240312
-0.0229288
-0.021764
-0.0205387
-0.0192523
-0.0179106
-0.01653
-0.0151329
-0.0137459
-0.0124007
-0.0111334
-0.00998664
-0.00902662
-0.00835514
-0.00787204
-0.00731052
0.00216997
0.00198501
0.00163681
0.00112766
0.000454071
-0.00040486
-0.00146212
-0.00269833
-0.00407062
-0.00554523
-0.00709569
-0.00869431
-0.0103178
-0.0119452
-0.013557
-0.0151349
-0.0166628
-0.0181257
-0.0195107
-0.0208061
-0.0220018
-0.023089
-0.0240607
-0.0249106
-0.0256343
-0.0262286
-0.0266908
-0.0270195
-0.0272142
-0.0272744
-0.0272002
-0.0269927
-0.0266531
-0.0261835
-0.025587
-0.024869
-0.0240363
-0.023099
-0.022072
-0.0209729
-0.0198195
-0.0186198
-0.0173711
-0.0160662
-0.0146988
-0.0132683
-0.0117838
-0.0102654
-0.00874056
-0.00724077
-0.00579984
-0.00445327
-0.0032432
-0.00227943
-0.00156199
0.00441274
0.00433619
0.0042598
0.00412869
0.0038437
0.00335557
0.00267119
0.00181532
0.000790892
-0.000396728
-0.00172474
-0.00316754
-0.00470024
-0.00629313
-0.00791704
-0.00954529
-0.0111544
-0.0127223
-0.0142293
-0.0156574
-0.016991
-0.0182161
-0.0193209
-0.0202959
-0.0211308
-0.0218181
-0.0223523
-0.0227298
-0.0229477
-0.0230049
-0.0229006
-0.0226344
-0.0222056
-0.021616
-0.0208683
-0.0199693
-0.0189286
-0.017759
-0.016475
-0.0150948
-0.0136268
-0.0120772
-0.0104384
-0.00868962
-0.00680974
-0.00479373
-0.0026607
-0.000450722
0.00178498
0.00399085
0.00610727
0.00808447
0.00995861
0.0118665
0.0135923
0.00878726
0.0089547
0.00926556
0.00960065
0.00985579
0.0099572
0.00985051
0.00951038
0.00893749
0.00814776
0.00716807
0.00601935
0.00472795
0.00332528
0.00184427
0.000316072
-0.00123098
-0.00277136
-0.0042819
-0.0057411
-0.00712957
-0.00842976
-0.0096262
-0.0107053
-0.0116556
-0.0124669
-0.0131298
-0.0136356
-0.0139762
-0.0141416
-0.0141243
-0.013922
-0.0135342
-0.0129621
-0.0122086
-0.011277
-0.0101711
-0.00889519
-0.00745448
-0.00585608
-0.00409529
-0.0021717
-8.20819e-05
0.00218095
0.00462279
0.00723414
0.00998172
0.0128232
0.0157439
0.0187609
0.0219135
0.0253502
0.0295726
0.0349251
0.03918
0.00801633
0.010497
0.0125386
0.0134379
0.013739
0.0136927
0.0133438
0.0126995
0.0117911
0.0106599
0.00934697
0.00789706
0.00634978
0.00473764
0.00309139
0.00144036
-0.000186315
-0.00176276
-0.00326504
-0.00467225
-0.00596475
-0.0071257
-0.00813942
-0.0089925
-0.00967216
-0.0101674
-0.0104674
-0.0105551
-0.0104057
-0.0100016
-0.00933171
-0.00838415
-0.00714415
-0.00559644
-0.0037244
-0.00151119
0.00106095
0.0040097
0.00735441
0.0111134
0.0152976
0.0199148
0.0249646
0.0304239
0.036233
0.0422932
0.0484925
0.0547409
0.0609875
0.0672256
0.0735851
0.0805001
0.0890961
0.100202
0.108812
0.0948272
0.0699286
0.0621357
0.0607171
0.059412
0.0577779
0.0564306
0.0553093
0.0542946
0.0533498
0.0524516
0.0515916
0.0507737
0.0499817
0.0492126
0.0484534
0.0477086
0.0469723
0.0462427
0.045518
0.0448039
0.0440946
0.0433924
0.0426948
0.0420049
0.0413183
0.0406402
0.039964
0.0392956
0.0386298
0.0379704
0.0373135
0.0366634
0.0360147
0.0353731
0.034732
0.0340965
0.0334633
0.0328357
0.032209
0.0315879
0.0309669
0.0303522
0.0297367
0.0291282
0.0285183
0.0279138
0.0273093
0.0267111
0.0261116
0.0255178
0.0249233
0.0243342
0.0237446
0.0231598
0.0225749
0.0219942
0.0214113
0.0208368
0.0202591
0.0196892
0.0191167
0.018552
0.0179856
0.0174273
0.0168691
0.0163192
0.0157721
0.0152354
0.0147058
0.0141943
0.0136999
0.0132329
0.0128086
0.0124387
0.0121765
0.012066
0.0122575
0.0128505
0.0162046
0.0883834
0.0669588
0.0606785
0.0599175
0.0589637
0.0575253
0.0562915
0.0552405
0.0542693
0.0533474
0.0524655
0.051616
0.050802
0.0500113
0.0492417
0.0484817
0.0477353
0.0469968
0.0462657
0.0455395
0.044824
0.0441134
0.0434099
0.0427114
0.0420205
0.041333
0.0406541
0.0399771
0.0393081
0.0386417
0.0379817
0.0373243
0.0366737
0.0360245
0.0353825
0.034741
0.0341052
0.0334716
0.0328437
0.0322167
0.0315953
0.0309741
0.030359
0.0297434
0.0291347
0.0285245
0.0279198
0.0273152
0.0267167
0.0261171
0.0255231
0.0249285
0.0243392
0.0237495
0.0231645
0.0225796
0.0219986
0.0214157
0.020841
0.0202633
0.0196933
0.0191207
0.0185559
0.0179894
0.0174309
0.0168727
0.0163227
0.0157756
0.0152387
0.0147091
0.0141975
0.013703
0.0132361
0.0128114
0.0124424
0.0121777
0.0120709
0.0122523
0.0128753
0.0155893
0.0853565
0.0674173
0.0611726
0.0602317
0.059178
0.057672
0.0563957
0.0553223
0.0543378
0.0534053
0.0525184
0.0516685
0.0508528
0.0500594
0.0492864
0.0485241
0.0477748
0.0470331
0.0463
0.0455716
0.0448542
0.0441419
0.0434368
0.0427369
0.0420447
0.0413561
0.0406759
0.0399979
0.039328
0.0386607
0.0379999
0.0373417
0.0366904
0.0360405
0.0353979
0.0347558
0.0341195
0.0334854
0.032857
0.0322295
0.0316076
0.030986
0.0303705
0.0297545
0.0291455
0.0285349
0.0279299
0.027325
0.0267262
0.0261263
0.0255321
0.0249373
0.0243477
0.0237578
0.0231725
0.0225875
0.0220062
0.0214232
0.0208482
0.0202704
0.0197001
0.0191274
0.0185624
0.0179958
0.0174371
0.0168788
0.0163286
0.0157814
0.0152443
0.0147147
0.0142028
0.0137083
0.013241
0.0128162
0.0124463
0.0121818
0.012068
0.0122549
0.0128129
0.0154153
0.0840153
0.0681192
0.0614386
0.060313
0.0592164
0.0576953
0.0564142
0.0553401
0.0543561
0.0534234
0.0525361
0.0516884
0.050874
0.0500816
0.0493103
0.0485496
0.0478012
0.0470599
0.0463272
0.0455986
0.0448808
0.0441677
0.043462
0.0427613
0.0420682
0.0413789
0.0406978
0.0400189
0.0393484
0.0386803
0.0380188
0.03736
0.0367081
0.0360576
0.0354144
0.0347719
0.0341349
0.0335004
0.0328715
0.0322435
0.0316213
0.0309992
0.0303834
0.029767
0.0291576
0.0285467
0.0279413
0.0273361
0.026737
0.0261369
0.0255423
0.0249472
0.0243574
0.0237672
0.0231818
0.0225965
0.022015
0.0214317
0.0208566
0.0202786
0.0197081
0.0191352
0.01857
0.0180032
0.0174444
0.0168859
0.0163354
0.0157882
0.0152507
0.014721
0.0142088
0.013714
0.0132463
0.0128209
0.0124498
0.0121835
0.0120623
0.0122399
0.0127605
0.0151354
0.082729
0.0683055
0.0615185
0.06033
0.0592449
0.057728
0.0564457
0.0553692
0.054383
0.0534471
0.0525576
0.0517079
0.0508908
0.050097
0.0493254
0.048564
0.0478158
0.0470755
0.0463437
0.0456162
0.0448994
0.0441871
0.0434819
0.0427816
0.0420886
0.0413993
0.0407179
0.0400386
0.0393678
0.0386993
0.0380373
0.0373781
0.0367256
0.0360748
0.0354312
0.0347882
0.0341508
0.0335159
0.0328867
0.0322582
0.0316356
0.0310132
0.0303971
0.0297803
0.0291707
0.0285594
0.0279537
0.0273482
0.0267489
0.0261485
0.0255536
0.0249583
0.0243682
0.0237778
0.0231921
0.0226066
0.0220248
0.0214414
0.020866
0.0202878
0.0197171
0.019144
0.0185786
0.0180116
0.0174526
0.0168939
0.0163433
0.0157958
0.015258
0.014728
0.0142154
0.0137201
0.0132518
0.0128252
0.0124525
0.0121826
0.0120521
0.0122089
0.0126968
0.014632
0.0813628
0.0683661
0.0616237
0.060398
0.0592956
0.0577747
0.0564823
0.0554028
0.0544123
0.0534728
0.0525809
0.0517288
0.0509095
0.0501138
0.0493403
0.0485768
0.0478273
0.0470865
0.0463543
0.0456261
0.0449099
0.044198
0.0434935
0.0427941
0.0421018
0.0414134
0.0407326
0.0400539
0.0393836
0.0387154
0.0380535
0.0373943
0.0367417
0.0360907
0.0354469
0.0348037
0.034166
0.0335309
0.0329014
0.0322726
0.0316498
0.0310272
0.0304107
0.0297938
0.029184
0.0285724
0.0279663
0.0273607
0.0267611
0.0261606
0.0255653
0.02497
0.0243795
0.023789
0.0232031
0.0226174
0.0220353
0.0214517
0.0208762
0.0202978
0.0197269
0.0191536
0.018588
0.0180207
0.0174616
0.0169026
0.0163518
0.015804
0.0152659
0.0147354
0.0142225
0.0137264
0.0132572
0.0128288
0.0124537
0.0121785
0.0120359
0.0121649
0.0125902
0.0140743
0.0799841
0.0683936
0.0617736
0.0604635
0.0593387
0.0578181
0.0565174
0.0554368
0.0544425
0.0535003
0.0526059
0.0517518
0.0509295
0.0501324
0.0493564
0.0485914
0.0478405
0.0470984
0.0463651
0.0456358
0.044919
0.0442066
0.0435016
0.0428017
0.0421094
0.0414214
0.0407408
0.0400624
0.0393928
0.0387253
0.038064
0.0374055
0.0367535
0.036103
0.0354597
0.0348166
0.0341792
0.0335441
0.0329147
0.0322858
0.0316629
0.0310402
0.0304235
0.0298065
0.0291966
0.0285848
0.0279785
0.0273729
0.026773
0.0261724
0.025577
0.0249815
0.0243909
0.0238002
0.0232141
0.0226285
0.022046
0.0214623
0.0208865
0.0203081
0.0197369
0.0191635
0.0185977
0.0180302
0.017471
0.0169117
0.0163606
0.0158126
0.015274
0.014743
0.0142296
0.0137324
0.0132621
0.0128311
0.012453
0.0121701
0.0120132
0.0121032
0.012448
0.0134847
0.078642
0.0683779
0.0619178
0.0605147
0.059377
0.0578619
0.0565569
0.055472
0.0544748
0.0535298
0.0526326
0.0517762
0.050951
0.0501524
0.0493739
0.0486074
0.0478545
0.0471116
0.0463761
0.0456473
0.0449295
0.0442162
0.0435106
0.0428098
0.0421171
0.0414286
0.0407477
0.0400688
0.0393988
0.0387312
0.03807
0.0374117
0.0367598
0.0361097
0.035467
0.0348243
0.0341874
0.033553
0.032924
0.0322957
0.0316732
0.0310508
0.0304343
0.0298176
0.0292078
0.028596
0.0279895
0.027384
0.0267841
0.0261834
0.0255878
0.0249922
0.0244015
0.0238108
0.0232246
0.0226391
0.0220561
0.0214725
0.0208966
0.0203182
0.0197468
0.0191733
0.0186073
0.0180396
0.0174802
0.0169207
0.0163694
0.0158212
0.0152819
0.0147503
0.0142363
0.0137377
0.013266
0.0128317
0.0124494
0.0121564
0.0119822
0.0120222
0.0122718
0.0128818
0.0773427
0.0682993
0.0620498
0.0605604
0.0594139
0.0579078
0.0565981
0.0555084
0.0545086
0.0535606
0.052661
0.0518019
0.0509748
0.0501735
0.0493926
0.0486244
0.0478697
0.0471256
0.046388
0.0456599
0.0449406
0.0442266
0.0435203
0.0428191
0.0421257
0.0414371
0.0407549
0.0400764
0.0394057
0.0387377
0.0380762
0.0374175
0.0367653
0.0361147
0.0354717
0.0348291
0.0341921
0.0335577
0.0329287
0.0323008
0.0316784
0.0310567
0.0304404
0.0298243
0.0292152
0.0286037
0.0279975
0.0273926
0.026793
0.0261926
0.0255972
0.0250018
0.0244111
0.0238204
0.0232342
0.0226489
0.0220655
0.021482
0.020906
0.0203275
0.019756
0.0191824
0.0186163
0.0180484
0.0174889
0.0169292
0.0163776
0.0158291
0.0152891
0.0147569
0.014242
0.0137417
0.0132681
0.0128296
0.0124422
0.0121361
0.0119412
0.0119215
0.0120614
0.0122757
0.0760942
0.0681577
0.0621741
0.0606025
0.0594474
0.0579529
0.0566394
0.0555455
0.0545435
0.0535931
0.0526909
0.0518293
0.0509999
0.0501958
0.0494126
0.0486426
0.0478863
0.0471403
0.0464023
0.0456729
0.0449524
0.0442377
0.0435307
0.042829
0.0421349
0.041446
0.0407625
0.0400847
0.0394133
0.038745
0.038083
0.0374242
0.0367714
0.0361213
0.0354771
0.0348345
0.0341973
0.0335626
0.0329334
0.0323052
0.0316825
0.0310606
0.0304442
0.0298279
0.0292189
0.0286076
0.0280012
0.0273968
0.0267974
0.0261975
0.0256024
0.0250075
0.0244172
0.0238269
0.0232411
0.0226567
0.0220729
0.0214899
0.020914
0.0203358
0.0197643
0.0191907
0.0186246
0.0180565
0.0174969
0.0169369
0.016385
0.0158362
0.0152953
0.0147622
0.0142464
0.013744
0.0132679
0.0128242
0.0124302
0.0121082
0.0118882
0.0118001
0.0118179
0.0116764
0.0748742
0.0679559
0.0622861
0.0606374
0.0594745
0.0579962
0.0566813
0.0555835
0.0545795
0.0536268
0.052722
0.051858
0.0510261
0.0502195
0.0494339
0.0486621
0.0479039
0.0471564
0.0464173
0.0456866
0.0449651
0.0442496
0.0435419
0.0428396
0.042145
0.0414552
0.0407718
0.0400934
0.0394213
0.0387527
0.0380903
0.0374313
0.0367778
0.0361284
0.0354827
0.0348402
0.034203
0.0335682
0.0329387
0.0323104
0.0316873
0.0310655
0.0304485
0.0298329
0.0292227
0.0286115
0.028005
0.0274006
0.0268008
0.0262008
0.0256054
0.0250106
0.02442
0.02383
0.023244
0.0226605
0.0220761
0.0214936
0.0209179
0.0203402
0.0197689
0.0191958
0.0186299
0.018062
0.0175027
0.0169427
0.0163908
0.0158418
0.0153
0.014766
0.0142492
0.0137442
0.0132652
0.0128151
0.0124128
0.0120717
0.0118222
0.0116579
0.0115443
0.0110901
0.073659
0.0676985
0.0623793
0.0606622
0.0594932
0.0580365
0.0567229
0.0556218
0.0546162
0.0536615
0.0527544
0.0518879
0.0510536
0.0502444
0.0494564
0.0486826
0.0479224
0.0471733
0.046433
0.0457012
0.0449787
0.0442624
0.043554
0.042851
0.0421557
0.0414654
0.0407814
0.0401024
0.0394299
0.038761
0.0380982
0.0374388
0.0367852
0.0361351
0.0354893
0.0348469
0.0342093
0.0335741
0.0329443
0.0323159
0.0316925
0.0310707
0.0304533
0.0298383
0.0292265
0.0286156
0.0280096
0.027405
0.026805
0.0262049
0.0256093
0.0250143
0.0244238
0.0238333
0.0232477
0.022663
0.0220791
0.0214966
0.0209204
0.0203428
0.0197712
0.019198
0.018632
0.0180638
0.0175046
0.0169443
0.0163923
0.0158434
0.0153002
0.0147655
0.0142473
0.01374
0.0132572
0.0128003
0.0123878
0.012025
0.0117419
0.0114963
0.0112458
0.0105245
0.0724161
0.0673894
0.0624484
0.0606752
0.0595019
0.0580723
0.0567633
0.0556598
0.0546533
0.0536972
0.052788
0.0519191
0.0510824
0.0502706
0.04948
0.0487042
0.0479421
0.0471912
0.0464498
0.0457167
0.0449931
0.0442758
0.0435665
0.0428629
0.0421668
0.041476
0.0407916
0.0401121
0.0394391
0.0387699
0.0381067
0.037447
0.036793
0.0361424
0.0354966
0.0348537
0.0342158
0.0335804
0.0329503
0.0323218
0.0316982
0.0310761
0.0304588
0.0298432
0.0292313
0.0286206
0.0280146
0.0274096
0.0268093
0.0262092
0.0256135
0.0250183
0.0244278
0.0238369
0.0232521
0.0226653
0.0220828
0.0215004
0.0209236
0.0203462
0.0197742
0.0192011
0.0186345
0.0180664
0.0175064
0.0169456
0.016393
0.0158432
0.0152991
0.0147622
0.0142426
0.013731
0.0132444
0.0127781
0.0123546
0.0119652
0.0116444
0.0113149
0.0109275
0.00998322
0.0711577
0.0670258
0.0624854
0.0606739
0.0594988
0.0581018
0.0568017
0.0556972
0.0546905
0.0537335
0.0528225
0.0519514
0.0511124
0.0502981
0.0495049
0.0487269
0.0479628
0.0472102
0.0464674
0.045733
0.0450082
0.04429
0.0435799
0.0428755
0.0421787
0.0414873
0.0408023
0.0401223
0.0394488
0.0387791
0.0381154
0.0374554
0.036801
0.0361501
0.035504
0.0348608
0.0342227
0.0335872
0.0329568
0.0323281
0.0317042
0.0310821
0.0304645
0.0298486
0.0292366
0.0286259
0.0280196
0.0274144
0.0268139
0.0262138
0.0256179
0.0250228
0.0244319
0.0238414
0.0232556
0.0226691
0.0220869
0.0215042
0.0209273
0.0203496
0.0197774
0.0192041
0.0186372
0.018069
0.0175085
0.0169472
0.0163941
0.0158424
0.0152984
0.0147594
0.0142371
0.0137214
0.0132296
0.0127534
0.0123169
0.0119
0.0115345
0.0111224
0.0106033
0.00948436
0.0699483
0.0666026
0.0624843
0.0606572
0.0594828
0.0581234
0.0568369
0.0557332
0.0547273
0.0537703
0.0528579
0.0519848
0.0511435
0.0503267
0.0495309
0.0487508
0.0479847
0.0472302
0.0464859
0.0457503
0.0450242
0.044305
0.0435939
0.0428888
0.0421912
0.0414991
0.0408136
0.040133
0.0394589
0.0387888
0.0381247
0.0374643
0.0368095
0.0361582
0.0355118
0.0348684
0.03423
0.0335942
0.0329634
0.0323346
0.0317104
0.0310881
0.0304702
0.0298542
0.0292421
0.0286312
0.0280248
0.0274196
0.0268189
0.0262187
0.0256228
0.0250275
0.0244365
0.0238458
0.0232597
0.0226734
0.0220909
0.0215082
0.0209309
0.0203532
0.0197807
0.0192074
0.0186401
0.0180718
0.0175105
0.016949
0.0163947
0.015842
0.0152971
0.0147558
0.0142303
0.0137102
0.0132121
0.0127257
0.0122735
0.0118288
0.011415
0.0109253
0.010286
0.00904126
0.0688019
0.0661274
0.0624448
0.0606265
0.0594547
0.0581365
0.0568685
0.0557676
0.0547633
0.0538071
0.0528938
0.052019
0.0511756
0.0503564
0.0495581
0.0487757
0.0480076
0.0472512
0.0465054
0.0457684
0.045041
0.0443208
0.0436087
0.0429027
0.0422043
0.0415115
0.0408254
0.0401442
0.0394695
0.038799
0.0381344
0.0374736
0.0368184
0.0361667
0.03552
0.0348763
0.0342376
0.0336015
0.0329704
0.0323414
0.031717
0.0310945
0.0304764
0.0298601
0.0292479
0.0286369
0.0280303
0.027425
0.026824
0.0262238
0.0256276
0.0250322
0.0244411
0.0238503
0.023264
0.0226775
0.022095
0.0215124
0.0209349
0.0203571
0.0197844
0.0192109
0.0186432
0.0180746
0.0175128
0.0169505
0.0163954
0.0158411
0.0152951
0.0147512
0.0142226
0.0136971
0.0131923
0.0126938
0.0122242
0.0117502
0.011289
0.0107284
0.00998408
0.00865815
0.0677249
0.0656111
0.0623658
0.0605809
0.059414
0.0581397
0.056895
0.0557995
0.054798
0.0538435
0.0529301
0.0520538
0.0512085
0.050387
0.0495863
0.0488017
0.0480315
0.0472731
0.0465258
0.0457874
0.0450586
0.0443372
0.0436241
0.0429173
0.0422181
0.0415245
0.0408377
0.0401559
0.0394806
0.0388096
0.0381445
0.0374833
0.0368277
0.0361756
0.0355285
0.0348845
0.0342455
0.0336092
0.0329777
0.0323485
0.0317238
0.0311012
0.0304828
0.0298663
0.0292539
0.0286428
0.028036
0.0274306
0.0268293
0.026229
0.0256327
0.0250373
0.0244459
0.0238551
0.0232684
0.022682
0.0220993
0.0215168
0.0209389
0.020361
0.0197879
0.0192143
0.0186461
0.0180773
0.0175146
0.0169517
0.0163955
0.0158399
0.0152922
0.0147459
0.0142131
0.0136825
0.0131694
0.0126588
0.0121696
0.011667
0.0111583
0.0105348
0.00970324
0.00833784
0.0667171
0.0650635
0.0622445
0.0605186
0.0593608
0.0581322
0.0569158
0.0558284
0.054831
0.0538792
0.0529663
0.0520891
0.051242
0.0504185
0.0496154
0.0488286
0.0480563
0.047296
0.046547
0.0458071
0.0450769
0.0443544
0.0436402
0.0429325
0.0422324
0.0415381
0.0408505
0.0401682
0.0394922
0.0388207
0.038155
0.0374935
0.0368373
0.0361849
0.0355374
0.0348931
0.0342537
0.0336172
0.0329853
0.0323559
0.0317309
0.0311081
0.0304894
0.0298728
0.0292601
0.028649
0.0280419
0.0274364
0.0268348
0.0262345
0.0256379
0.0250425
0.0244508
0.02386
0.023273
0.0226865
0.0221037
0.0215212
0.020943
0.020365
0.0197916
0.0192178
0.0186491
0.0180799
0.0175165
0.0169528
0.0163955
0.0158382
0.0152887
0.0147394
0.0142022
0.0136656
0.0131434
0.0126201
0.01211
0.0115795
0.0110244
0.0103471
0.00944894
0.00807799
0.0657826
0.0644964
0.0620809
0.0604381
0.0592951
0.058113
0.0569294
0.0558535
0.0548616
0.0539137
0.053002
0.0521244
0.0512759
0.0504505
0.0496452
0.0488562
0.0480818
0.0473197
0.0465689
0.0458275
0.0450959
0.0443722
0.0436568
0.0429483
0.0422472
0.0415521
0.0408638
0.0401808
0.0395042
0.0388322
0.0381659
0.0375039
0.0368473
0.0361945
0.0355466
0.034902
0.0342622
0.0336254
0.0329932
0.0323636
0.0317382
0.0311152
0.0304962
0.0298794
0.0292665
0.0286553
0.028048
0.0274424
0.0268406
0.0262402
0.0256434
0.0250479
0.0244559
0.0238651
0.0232778
0.0226913
0.0221082
0.0215258
0.0209472
0.0203692
0.0197953
0.0192214
0.0186521
0.0180826
0.0175182
0.0169537
0.0163949
0.0158361
0.0152841
0.0147319
0.0141895
0.0136469
0.0131144
0.0125783
0.0120464
0.011489
0.0108905
0.0101697
0.00922559
0.00787875
0.0649189
0.063921
0.0618769
0.0603379
0.0592172
0.058082
0.0569349
0.055874
0.0548893
0.0539463
0.0530369
0.0521594
0.0513099
0.0504829
0.0496755
0.0488845
0.0481081
0.047344
0.0465914
0.0458486
0.0451155
0.0443906
0.043674
0.0429645
0.0422624
0.0415666
0.0408775
0.0401938
0.0395165
0.038844
0.0381771
0.0375147
0.0368575
0.0362043
0.0355559
0.0349111
0.0342709
0.0336339
0.0330012
0.0323714
0.0317457
0.0311225
0.0305033
0.0298863
0.0292731
0.0286618
0.0280542
0.0274485
0.0268464
0.026246
0.0256489
0.0250534
0.0244612
0.0238703
0.0232827
0.0226962
0.0221128
0.0215304
0.0209515
0.0203734
0.019799
0.0192249
0.018655
0.018085
0.0175198
0.0169543
0.016394
0.0158334
0.0152786
0.0147233
0.0141752
0.0136263
0.0130825
0.0125336
0.0119794
0.0113968
0.0107595
0.0100055
0.00903566
0.00773426
0.064127
0.0633497
0.0616372
0.0602176
0.0591277
0.058039
0.0569315
0.0558891
0.0549135
0.0539766
0.0530704
0.0521937
0.0513436
0.0505153
0.0497061
0.0489131
0.0481347
0.0473687
0.0466144
0.0458701
0.0451355
0.0444093
0.0436916
0.042981
0.042278
0.0415813
0.0408914
0.0402072
0.039529
0.038856
0.0381886
0.0375257
0.036868
0.0362144
0.0355656
0.0349205
0.0342798
0.0336426
0.0330095
0.0323795
0.0317534
0.0311301
0.0305104
0.0298934
0.0292798
0.0286685
0.0280606
0.0274549
0.0268524
0.026252
0.0256546
0.0250591
0.0244665
0.0238757
0.0232877
0.0227012
0.0221175
0.0215352
0.0209558
0.0203777
0.0198027
0.0192285
0.0186578
0.0180875
0.0175211
0.0169547
0.0163925
0.0158302
0.0152721
0.0147136
0.0141592
0.0136037
0.0130483
0.0124865
0.0119105
0.0113049
0.0106346
0.00985708
0.00887981
0.00763957
0.0634037
0.0627933
0.0613687
0.0600776
0.0590274
0.0579848
0.0569188
0.0558983
0.0549336
0.054004
0.053102
0.0522269
0.0513766
0.0505474
0.0497365
0.0489418
0.0481615
0.0473937
0.0466376
0.0458918
0.0451557
0.0444283
0.0437093
0.0429978
0.0422937
0.0415962
0.0409055
0.0402206
0.0395417
0.0388681
0.0382
0.0375367
0.0368785
0.0362245
0.0355752
0.0349298
0.0342887
0.0336512
0.0330177
0.0323875
0.031761
0.0311375
0.0305176
0.0299004
0.0292865
0.0286751
0.0280669
0.0274612
0.0268584
0.0262579
0.0256602
0.0250647
0.0244718
0.023881
0.0232926
0.0227062
0.0221221
0.0215399
0.02096
0.0203819
0.0198063
0.019232
0.0186604
0.0180897
0.017522
0.0169548
0.0163905
0.0158264
0.0152647
0.0147028
0.0141417
0.0135795
0.013012
0.0124375
0.011841
0.0112148
0.0105182
0.0097264
0.00875712
0.00758624
0.062748
0.0622621
0.0610805
0.0599203
0.0589177
0.0579207
0.056897
0.0559011
0.0549492
0.0540281
0.0531312
0.0522584
0.0514085
0.0505786
0.0497665
0.0489702
0.0481881
0.0474187
0.0466609
0.0459135
0.045176
0.0444473
0.0437271
0.0430146
0.0423095
0.0416113
0.0409196
0.0402341
0.0395545
0.0388804
0.0382117
0.037548
0.0368891
0.0362348
0.035585
0.0349393
0.0342977
0.03366
0.0330261
0.0323957
0.0317688
0.0311452
0.0305248
0.0299076
0.0292933
0.0286819
0.0280734
0.0274676
0.0268644
0.026264
0.0256659
0.0250704
0.0244771
0.0238864
0.0232976
0.0227113
0.0221268
0.0215446
0.0209643
0.0203861
0.0198099
0.0192354
0.018663
0.0180918
0.0175228
0.0169546
0.0163881
0.0158221
0.0152566
0.0146911
0.0141232
0.0135539
0.0129748
0.0123878
0.0117728
0.0111287
0.0104128
0.0096146
0.00866519
0.00756732
0.0621582
0.0617648
0.0607834
0.0597495
0.0588008
0.0578487
0.0568669
0.0558975
0.0549603
0.0540485
0.0531575
0.0522877
0.0514387
0.0506086
0.0497954
0.0489977
0.0482139
0.0474429
0.0466835
0.0459347
0.0451957
0.0444658
0.0437444
0.0430309
0.0423248
0.0416258
0.0409333
0.0402471
0.0395668
0.0388922
0.0382228
0.0375587
0.0368992
0.0362446
0.0355942
0.0349483
0.0343063
0.0336684
0.033034
0.0324035
0.0317762
0.0311524
0.0305317
0.0299144
0.0292998
0.0286883
0.0280795
0.0274737
0.0268702
0.0262697
0.0256713
0.0250759
0.0244822
0.0238916
0.0233024
0.0227162
0.0221312
0.0215491
0.0209683
0.0203901
0.0198132
0.0192386
0.0186652
0.0180936
0.0175231
0.0169539
0.0163851
0.0158171
0.0152477
0.0146784
0.0141038
0.0135274
0.0129371
0.0123383
0.0117073
0.0110483
0.0103197
0.00952192
0.00860031
0.00757335
0.0616339
0.06131
0.0604892
0.0595716
0.0586799
0.0577716
0.05683
0.0558881
0.0549666
0.0540651
0.0531806
0.0523145
0.0514669
0.050637
0.0498231
0.0490243
0.0482391
0.0474667
0.0467057
0.0459557
0.0452153
0.0444843
0.0437617
0.0430473
0.0423402
0.0416404
0.040947
0.0402603
0.0395792
0.0389041
0.0382341
0.0375695
0.0369095
0.0362546
0.0356037
0.0349575
0.034315
0.0336769
0.033042
0.0324114
0.0317836
0.0311598
0.0305387
0.0299213
0.0293063
0.0286948
0.0280856
0.0274798
0.026876
0.0262755
0.0256768
0.0250814
0.0244873
0.0238967
0.0233071
0.022721
0.0221356
0.0215536
0.0209722
0.0203941
0.0198165
0.0192416
0.0186673
0.0180953
0.0175234
0.0169531
0.016382
0.0158119
0.0152386
0.0146654
0.0140843
0.0135009
0.0129004
0.0122906
0.0116464
0.0109755
0.0102402
0.00944788
0.00855813
0.00759772
0.0611774
0.0609051
0.0602106
0.0593943
0.0585596
0.0576931
0.0567888
0.0558738
0.0549686
0.0540774
0.0531996
0.0523374
0.0514914
0.050662
0.0498476
0.0490479
0.0482614
0.0474878
0.0467254
0.0459741
0.0452325
0.0445005
0.0437768
0.0430615
0.0423535
0.0416531
0.040959
0.0402716
0.0395899
0.0389144
0.0382438
0.0375789
0.0369184
0.0362632
0.0356118
0.0349655
0.0343225
0.0336842
0.033049
0.0324182
0.0317902
0.0311662
0.0305448
0.0299273
0.029312
0.0287006
0.028091
0.0274852
0.0268811
0.0262807
0.0256816
0.0250863
0.0244919
0.0239013
0.0233114
0.0227253
0.0221395
0.0215576
0.0209757
0.0203975
0.0198193
0.0192443
0.0186691
0.0180965
0.0175232
0.0169519
0.0163785
0.0158063
0.0152294
0.0146522
0.0140652
0.013475
0.0128657
0.0122459
0.0115915
0.0109117
0.0101744
0.00939104
0.0085338
0.00763129
0.060791
0.0605592
0.0599608
0.0592271
0.0584451
0.0576175
0.0567469
0.0558573
0.0549683
0.0540876
0.0532167
0.0523587
0.0515147
0.050686
0.0498714
0.049071
0.0482835
0.0475087
0.0467451
0.0459927
0.0452498
0.0445168
0.043792
0.043076
0.042367
0.0416659
0.040971
0.0402831
0.0396007
0.0389247
0.0382536
0.0375883
0.0369273
0.0362718
0.03562
0.0349733
0.03433
0.0336915
0.0330559
0.032425
0.0317965
0.0311725
0.0305507
0.0299332
0.0293176
0.0287061
0.0280962
0.0274904
0.026886
0.0262856
0.0256861
0.0250909
0.0244961
0.0239057
0.0233153
0.0227294
0.0221431
0.0215613
0.0209789
0.0204007
0.0198219
0.0192467
0.0186706
0.0180975
0.017523
0.0169505
0.0163752
0.0158009
0.0152207
0.0146397
0.0140477
0.0134511
0.0128346
0.0122062
0.0115444
0.0108583
0.0101224
0.0093497
0.00852266
0.00767039
0.0604864
0.0602802
0.0597536
0.0590807
0.0583429
0.0575482
0.056705
0.0558366
0.0549617
0.0540902
0.0532254
0.0523713
0.0515294
0.0507017
0.0498873
0.0490868
0.0482986
0.0475232
0.0467588
0.0460057
0.045262
0.0445284
0.0438029
0.0430863
0.0423768
0.0416752
0.0409798
0.0402915
0.0396087
0.0389324
0.0382608
0.0375953
0.0369339
0.0362783
0.0356261
0.0349794
0.0343357
0.0336971
0.0330612
0.0324302
0.0318015
0.0311774
0.0305554
0.0299378
0.0293219
0.0287105
0.0281004
0.0274946
0.0268899
0.0262895
0.0256898
0.0250946
0.0244996
0.0239092
0.0233186
0.0227327
0.0221461
0.0215643
0.0209816
0.0204033
0.019824
0.0192486
0.0186718
0.0180982
0.0175227
0.0169492
0.0163723
0.0157959
0.0152131
0.0146287
0.0140325
0.0134305
0.0128083
0.0121731
0.0115061
0.0108162
0.0100832
0.00932096
0.00851924
0.00770442
0.0602624
0.0600723
0.0595964
0.0589678
0.0582687
0.0575016
0.0566799
0.055828
0.0549639
0.0540993
0.0532387
0.052387
0.0515463
0.0507188
0.0499039
0.0491027
0.0483137
0.0475374
0.0467719
0.0460179
0.0452734
0.044539
0.0438127
0.0430955
0.0423853
0.0416833
0.0409873
0.0402987
0.0396153
0.0389388
0.0382668
0.0376011
0.0369393
0.0362834
0.035631
0.0349841
0.0343401
0.0337015
0.0330653
0.0324342
0.0318052
0.0311812
0.0305589
0.0299413
0.0293252
0.0287137
0.0281034
0.0274976
0.0268927
0.0262924
0.0256925
0.0250973
0.0245021
0.0239118
0.0233209
0.022735
0.0221482
0.0215664
0.0209834
0.0204051
0.0198254
0.0192498
0.0186726
0.0180985
0.0175222
0.0169479
0.0163698
0.0157919
0.0152072
0.0146201
0.014021
0.013415
0.012789
0.0121492
0.0114793
0.0107875
0.0100582
0.00930495
0.00852265
0.00773546
0.0600857
0.0599348
0.0594755
0.0588813
0.0582062
0.0574567
0.0566488
0.0558081
0.0549524
0.0540936
0.0532373
0.0523887
0.0515499
0.0507237
0.0499096
0.0491088
0.0483199
0.0475436
0.046778
0.0460239
0.0452791
0.0445445
0.043818
0.0431006
0.0423901
0.0416879
0.0409917
0.0403029
0.0396194
0.0389427
0.0382705
0.0376047
0.0369428
0.0362868
0.0356342
0.0349872
0.0343431
0.0337044
0.0330681
0.032437
0.0318078
0.0311838
0.0305613
0.0299437
0.0293275
0.028716
0.0281056
0.0274998
0.0268948
0.0262945
0.0256945
0.0250993
0.0245039
0.0239136
0.0233226
0.0227368
0.0221498
0.021568
0.0209848
0.0204065
0.0198266
0.0192508
0.0186733
0.018099
0.0175222
0.0169473
0.0163684
0.0157895
0.0152037
0.0146148
0.0140138
0.0134052
0.0127768
0.012134
0.0114621
0.010769
0.0100414
0.00929331
0.00852175
0.00775107
0.021564
0.0242047
0.0256562
0.0260275
0.0260519
0.025853
0.0252997
0.0243925
0.0231907
0.021743
0.0200908
0.0182819
0.0163594
0.0143552
0.0123034
0.0102397
0.00819684
0.00620594
0.00429721
0.00249772
0.000832512
-0.00067574
-0.00200492
-0.0031351
-0.00404454
-0.00471332
-0.00511586
-0.00523878
-0.00511182
-0.0047596
-0.00417661
-0.0033523
-0.00227975
-0.000950287
0.000648626
0.00252955
0.00470413
0.00718335
0.00997744
0.0130949
0.016541
0.0203133
0.0243932
0.0287306
0.0332232
0.0377022
0.0419352
0.0456752
0.0486786
0.0507818
0.0516362
0.0507333
0.0475035
0.0415302
0.0318306
0.017573
0.0181404
0.0193038
0.0201266
0.0204793
0.0205167
0.0202809
0.0197817
0.0190449
0.0181008
0.0169811
0.015717
0.0143402
0.0128798
0.011366
0.00982838
0.00829344
0.00678652
0.00533405
0.00396008
0.00268697
0.00153561
0.000525986
-0.000323735
-0.000996634
-0.00147822
-0.00175716
-0.00182672
-0.00168734
-0.00133901
-0.000776376
7.25873e-06
0.00101766
0.00226035
0.0037412
0.00546526
0.0074358
0.00965345
0.012115
0.0148115
0.0177251
0.0208248
0.0240616
0.0273602
0.0306145
0.0336806
0.0363822
0.038503
0.0397979
0.039938
0.0385411
0.0349802
0.0288775
0.0194769
0.00871309
0.0186371
0.0192672
0.0198969
0.0202851
0.0203806
0.0202497
0.0199254
0.0194115
0.0187176
0.0178628
0.0168701
0.0157625
0.0145639
0.0132983
0.0119894
0.0106606
0.00933436
0.00803277
0.00677758
0.00558926
0.00448713
0.00348905
0.00261167
0.00186999
0.00127748
0.00084582
0.000584722
0.000501992
0.000602195
0.00088672
0.0013567
0.00201353
0.00285813
0.00389031
0.00510873
0.00651004
0.00808828
0.00983338
0.0117305
0.0137574
0.0158842
0.0180681
0.0202545
0.022368
0.0243181
0.025982
0.0272278
0.0278755
0.0277664
0.0266587
0.0244107
0.020686
0.0154966
0.00843738
0.000423925
0.0169132
0.0170034
0.0171089
0.0171438
0.0170603
0.0168572
0.0165384
0.0161038
0.0155571
0.0149069
0.0141653
0.0133459
0.0124637
0.0115346
0.0105748
0.00960104
0.00863037
0.00767934
0.00676391
0.00589934
0.00510016
0.00437988
0.00375101
0.00322481
0.00281127
0.00251889
0.00235457
0.00232338
0.00242852
0.00267136
0.00305227
0.0035706
0.00422445
0.00501005
0.0059216
0.00695054
0.00808522
0.00930961
0.0106031
0.0119386
0.0132827
0.0145919
0.0158157
0.0168884
0.0177393
0.0182752
0.0184096
0.0180192
0.0170228
0.0152605
0.0127073
0.00913483
0.00471132
-0.000916032
-0.00674371
0.0161468
0.0162554
0.016273
0.016224
0.0161083
0.0159129
0.015631
0.0152627
0.0148117
0.0142835
0.0136858
0.0130281
0.0123211
0.0115764
0.0108064
0.0100237
0.00924093
0.00847076
0.00772541
0.00701672
0.00635587
0.00575334
0.00521867
0.00476042
0.004386
0.0041016
0.00391205
0.00382076
0.00382967
0.00393912
0.00414795
0.00445332
0.00485074
0.00533365
0.00589333
0.00651838
0.0071946
0.00790417
0.00862571
0.009333
0.00999567
0.010577
0.0110364
0.0113248
0.0113924
0.0111768
0.0106252
0.00966099
0.00824644
0.00628362
0.00379456
0.00062545
-0.00302408
-0.00745828
-0.0117819
0.015093
0.0150908
0.0149482
0.0147467
0.0145175
0.0142493
0.0139316
0.0135634
0.0131473
0.0126865
0.0121853
0.011649
0.0110842
0.0104981
0.00989861
0.00929385
0.00869221
0.00810204
0.00753158
0.00698875
0.00648104
0.00601538
0.00559802
0.00523444
0.0049292
0.00468588
0.00450699
0.00439385
0.00434656
0.00436382
0.00444302
0.00458001
0.00476917
0.00500305
0.00527249
0.0055661
0.00587045
0.00616944
0.00644465
0.00667455
0.00683522
0.00689922
0.00683742
0.00661658
0.00620422
0.00556214
0.00465977
0.00345466
0.00192995
3.49886e-05
-0.00220558
-0.004875
-0.00783371
-0.0112481
-0.0144804
0.0141261
0.0141023
0.0139328
0.0137137
0.0134847
0.0132357
0.0129552
0.0126412
0.0122955
0.0119201
0.0115172
0.0110899
0.0106422
0.0101786
0.00970432
0.00922459
0.00874498
0.00827104
0.00780826
0.00736194
0.00693706
0.00653818
0.00616934
0.00583399
0.00553486
0.0052739
0.00505225
0.00487002
0.00472644
0.00461955
0.0045464
0.0045027
0.00448306
0.00448061
0.00448725
0.00449324
0.00448755
0.00445735
0.00438854
0.0042652
0.00407036
0.00378526
0.00339086
0.00286635
0.00219237
0.00134728
0.000314961
-0.000925977
-0.00238199
-0.00407586
-0.00598968
-0.00816087
-0.010508
-0.0130903
-0.0155055
0.0131265
0.0130728
0.0128836
0.0126498
0.0124108
0.0121597
0.011887
0.0115916
0.0112756
0.0109407
0.0105886
0.0102212
0.00984124
0.00945154
0.00905531
0.00865586
0.0082566
0.00786092
0.00747216
0.00709346
0.00672774
0.00637758
0.00604518
0.00573227
0.0054401
0.00516924
0.00491975
0.00469086
0.00448121
0.00428851
0.00410981
0.00394117
0.00377792
0.00361435
0.00344403
0.00325944
0.00305239
0.00281362
0.00253336
0.00220081
0.00180506
0.00133428
0.000777118
0.000121542
-0.000642948
-0.00152758
-0.00253987
-0.00368935
-0.00497746
-0.00641229
-0.00798272
-0.00970105
-0.0115247
-0.0134599
-0.0152697
0.0121931
0.0121252
0.011941
0.0117202
0.0114979
0.0112686
0.0110243
0.0107643
0.0104904
0.0102036
0.009905
0.0095956
0.00927688
0.00895053
0.00861834
0.00828219
0.007944
0.00760568
0.00726907
0.0069359
0.00660772
0.00628586
0.00597137
0.005665
0.00536712
0.00507769
0.00479628
0.00452193
0.00425324
0.00398825
0.00372451
0.00345899
0.00318817
0.00290793
0.00261372
0.0023004
0.00196251
0.00159404
0.00118884
0.000740363
0.000242167
-0.000312436
-0.000929557
-0.00161542
-0.00237493
-0.00321322
-0.00413269
-0.00513682
-0.00622426
-0.00739663
-0.00864494
-0.00997281
-0.0113537
-0.0127759
-0.0140889
0.0112985
0.0112159
0.0110372
0.010829
0.0106202
0.0104061
0.0101801
0.00994199
0.00969329
0.00943493
0.00916742
0.00889152
0.00860811
0.00831823
0.00802292
0.00772327
0.00742033
0.00711516
0.00680872
0.0065019
0.00619544
0.00588993
0.00558575
0.0052831
0.00498191
0.00468185
0.00438232
0.00408242
0.00378092
0.00347631
0.00316676
0.00285011
0.00252393
0.00218547
0.00183178
0.00145962
0.00106564
0.000646279
0.000198031
-0.000282772
-0.000799479
-0.00135556
-0.00195375
-0.00259701
-0.00328693
-0.00402564
-0.00481275
-0.0056493
-0.00653236
-0.00746196
-0.00843042
-0.00943861
-0.0104708
-0.011506
-0.0124557
0.0104696
0.0103773
0.0102082
0.0100168
0.00982543
0.00962976
0.00942457
0.00921
0.00898712
0.00875666
0.00851876
0.00827393
0.00802253
0.00776522
0.00750241
0.00723474
0.00696262
0.00668663
0.0064071
0.00612449
0.00583897
0.00555084
0.00526004
0.00496661
0.00467023
0.00437064
0.00406721
0.00375936
0.0034461
0.00312655
0.00279938
0.00246339
0.00211695
0.00175861
0.0013865
0.000999026
0.000594149
0.000170275
-0.000274631
-0.000741998
-0.00123367
-0.00175068
-0.00229441
-0.00286544
-0.00346433
-0.00409106
-0.00474506
-0.00542563
-0.00613085
-0.00685845
-0.00760498
-0.00836616
-0.0091398
-0.00989525
-0.0105961
0.00971098
0.00961078
0.00944979
0.00927184
0.00909414
0.00891253
0.00872288
0.00852547
0.00832113
0.00811037
0.00789315
0.0076698
0.00744046
0.00720556
0.00696522
0.00671985
0.00646956
0.00621472
0.00595535
0.00569178
0.00542392
0.00515198
0.00487575
0.00459532
0.00431029
0.0040206
0.00372571
0.00342538
0.00311887
0.00280584
0.00248535
0.00215695
0.00181955
0.00147265
0.00111505
0.000746259
0.000365035
-2.90032e-05
-0.000437025
-0.000859216
-0.00129655
-0.00174896
-0.00221696
-0.00270034
-0.0031988
-0.0037122
-0.00423909
-0.00477891
-0.00532958
-0.00589002
-0.00645705
-0.00702942
-0.00760475
-0.00816673
-0.00868706
0.00901916
0.00891463
0.00876382
0.0086005
0.00843721
0.00827037
0.00809679
0.00791688
0.00773122
0.00754016
0.00734356
0.00714168
0.00693449
0.00672232
0.0065051
0.00628316
0.00605638
0.00582509
0.00558912
0.00534877
0.0051038
0.00485447
0.00460047
0.004342
0.00407866
0.0038106
0.00353732
0.00325893
0.00297486
0.00268515
0.00238917
0.00208696
0.00177784
0.00146186
0.00113835
0.000807392
0.000468389
0.000121495
-0.000233729
-0.000597083
-0.000968751
-0.00134841
-0.0017359
-0.00213079
-0.00253251
-0.00294055
-0.00335371
-0.00377177
-0.00419161
-0.00461428
-0.00503373
-0.00545497
-0.00586167
-0.00627736
-0.0066288
0.00841777
0.00831171
0.00817038
0.0080196
0.0078685
0.00771428
0.00755446
0.00738948
0.00721968
0.00704538
0.00686637
0.00668288
0.00649481
0.00630244
0.00610564
0.0059047
0.00569945
0.00549018
0.00527671
0.00505931
0.00483778
0.00461237
0.00438285
0.00414945
0.00391189
0.00367043
0.00342472
0.00317502
0.00292094
0.00266276
0.0024001
0.0021332
0.00186171
0.00158592
0.00130552
0.00102083
0.000731605
0.000438226
0.000140598
-0.0001609
-0.000466177
-0.000774836
-0.00108652
-0.00140079
-0.00171692
-0.00203467
-0.00235257
-0.0026707
-0.00298619
-0.0033
-0.00360789
-0.00391359
-0.00420518
-0.00450099
-0.00475117
0.00792298
0.00781829
0.00768698
0.00754855
0.00740971
0.00726831
0.00712252
0.00697266
0.006819
0.00666174
0.00650074
0.00633614
0.00616788
0.00599614
0.00582086
0.00564219
0.00546009
0.0052747
0.00508597
0.00489407
0.00469892
0.00450068
0.0042993
0.00409491
0.00388745
0.00367707
0.00346372
0.00324752
0.00302845
0.00280664
0.00258209
0.00235492
0.00212519
0.00189302
0.00165857
0.00142192
0.0011833
0.000942882
0.000700987
0.000457719
0.000213574
-3.12871e-05
-0.000276256
-0.000521139
-0.0007653
-0.00100851
-0.00124998
-0.00148931
-0.00172481
-0.00195648
-0.00218189
-0.00240375
-0.002612
-0.00282398
-0.00300705
0.00752398
0.00742257
0.0073018
0.00717576
0.00704913
0.00692043
0.00678835
0.00665314
0.00651498
0.00637403
0.00623019
0.00608357
0.00593414
0.00578203
0.00562722
0.00546983
0.00530983
0.00514738
0.00498245
0.00481519
0.00464557
0.00447376
0.00429974
0.00412367
0.00394555
0.00376556
0.0035837
0.00340015
0.00321494
0.00302826
0.00284016
0.00265085
0.00246038
0.002269
0.00207678
0.00188398
0.00169073
0.00149733
0.00130396
0.0011109
0.00091842
0.000726845
0.000536469
0.00034768
0.000160906
-2.36594e-05
-0.000204916
-0.000383225
-0.000556237
-0.000725154
-0.000887049
-0.00104529
-0.00119085
-0.00134027
-0.00147937
0.00722684
0.00713115
0.0070218
0.00690871
0.00679502
0.00667975
0.00656202
0.00644202
0.00631987
0.00619571
0.00606947
0.00594125
0.00581102
0.00567893
0.00554494
0.00540919
0.00527165
0.00513248
0.00499163
0.00484929
0.00470541
0.00456019
0.00441359
0.00426582
0.00411682
0.00396686
0.00381586
0.00366411
0.00351154
0.00335846
0.0032048
0.0030509
0.00289671
0.00274259
0.00258851
0.00243482
0.00228157
0.00212907
0.0019775
0.00182703
0.00167802
0.00153056
0.00138511
0.00124171
0.00110093
0.00096265
0.000827876
0.000696388
0.00056997
0.000448084
0.000332309
0.000220573
0.000118615
1.45529e-05
-9.32688e-05
0.00701058
0.00692148
0.00682358
0.00672325
0.00662223
0.00652003
0.00641608
0.00631056
0.00620349
0.00609505
0.00598511
0.00587384
0.00576117
0.00564726
0.00553204
0.0054157
0.00529815
0.0051796
0.00505996
0.00493945
0.00481797
0.00469579
0.00457278
0.00444923
0.00432501
0.00420043
0.00407535
0.00395013
0.00382456
0.00369909
0.00357348
0.00344821
0.00332301
0.00319843
0.00307417
0.00295081
0.00282803
0.0027065
0.00258584
0.00246677
0.00234888
0.00223299
0.00211862
0.00200665
0.00189649
0.00178905
0.00168376
0.00158152
0.00148176
0.00138587
0.00129257
0.00120381
0.00111733
0.00104207
0.000978225
0.00688397
0.0068029
0.00671633
0.00662829
0.00653961
0.00645011
0.00635943
0.00626777
0.00617508
0.00608152
0.005987
0.00589167
0.00579546
0.00569852
0.0056008
0.00550244
0.0054034
0.00530382
0.00520367
0.00510311
0.00500209
0.00490078
0.00479915
0.00469737
0.00459541
0.00449345
0.00439146
0.00428964
0.00418795
0.00408662
0.00398558
0.00388509
0.00378507
0.00368584
0.00358726
0.00348972
0.00339301
0.00329765
0.00320335
0.0031107
0.00301929
0.00292991
0.00284198
0.0027564
0.00267248
0.00259108
0.00251157
0.00243524
0.002361
0.00229067
0.00222255
0.00215813
0.00209612
0.00204205
0.00199476
0.00681816
0.00674498
0.00666891
0.00659207
0.0065146
0.00643656
0.00635778
0.00627843
0.00619844
0.00611795
0.0060369
0.0059554
0.0058734
0.00579104
0.00570827
0.0056252
0.00554181
0.00545821
0.00537438
0.00529044
0.00520637
0.00512229
0.00503818
0.00495418
0.00487027
0.00478659
0.00470312
0.00462001
0.00453725
0.00445499
0.00437321
0.00429207
0.00421155
0.00413185
0.00405291
0.003975
0.00389796
0.00382223
0.00374753
0.00367439
0.00360242
0.00353238
0.00346365
0.00339716
0.0033321
0.00326951
0.00320842
0.00314991
0.00309297
0.00303892
0.0029865
0.00293717
0.00289015
0.00284864
0.00280929
0.00681269
0.00674772
0.00668145
0.00661489
0.00654779
0.00648034
0.00641249
0.00634435
0.00627589
0.00620718
0.00613818
0.00606901
0.00599961
0.00593009
0.00586042
0.00579069
0.00572087
0.00565106
0.00558124
0.00551151
0.00544184
0.00537233
0.00530298
0.00523387
0.00516501
0.00509647
0.00502828
0.00496051
0.00489318
0.00482638
0.0047601
0.00469447
0.00462945
0.00456519
0.00450165
0.00443898
0.0043771
0.00431627
0.00425634
0.0041976
0.00413982
0.00408347
0.00402816
0.00397449
0.0039219
0.00387108
0.00382137
0.00377394
0.00372766
0.00368412
0.00364175
0.0036017
0.0035631
0.00352763
0.00349336
0.00684031
0.00678252
0.0067246
0.00666682
0.00660855
0.00655009
0.00649144
0.00643274
0.00637387
0.00631495
0.00625591
0.00619686
0.00613774
0.00607865
0.00601954
0.00596051
0.00590152
0.00584266
0.0057839
0.00572531
0.00566689
0.00560871
0.00555076
0.00549311
0.00543575
0.00537876
0.00532213
0.00526594
0.00521019
0.00515494
0.0051002
0.00504604
0.00499247
0.00493954
0.00488728
0.00483574
0.0047849
0.00473492
0.0046857
0.00463744
0.00458998
0.00454365
0.00449818
0.004454
0.00441071
0.00436882
0.00432787
0.00428832
0.00424977
0.00421261
0.00417652
0.0041418
0.0041085
0.00407671
0.00404643
0.00690341
0.00685242
0.00680174
0.00675134
0.00670057
0.00664969
0.00659877
0.0065479
0.006497
0.00644614
0.00639528
0.0063445
0.00629375
0.00624312
0.00619256
0.00614214
0.00609183
0.00604171
0.00599175
0.005942
0.00589246
0.00584317
0.00579413
0.00574539
0.00569694
0.00564884
0.00560107
0.0055537
0.00550671
0.00546015
0.00541403
0.00536838
0.00532322
0.00527859
0.00523448
0.00519095
0.00514798
0.00510564
0.00506391
0.00502286
0.00498245
0.00494279
0.0049038
0.00486564
0.00482816
0.00479155
0.00475564
0.00472077
0.00468669
0.00465378
0.00462172
0.0045906
0.00456045
0.00453122
0.00450337
0.00697835
0.00693299
0.00688821
0.00684378
0.00679898
0.00675413
0.0067093
0.00666458
0.00661989
0.00657529
0.00653075
0.00648633
0.006442
0.00639782
0.00635376
0.00630987
0.00626612
0.00622258
0.00617921
0.00613607
0.00609313
0.00605044
0.00600798
0.00596581
0.0059239
0.0058823
0.00584099
0.00580002
0.00575938
0.00571911
0.00567919
0.00563968
0.00560055
0.00556186
0.00552358
0.00548577
0.00544839
0.00541152
0.0053751
0.00533924
0.00530382
0.00526903
0.00523469
0.00520105
0.00516786
0.0051354
0.00510343
0.00507219
0.00504145
0.00501141
0.0049819
0.00495304
0.00492482
0.0048973
0.00487096
0.00706472
0.00702421
0.00698416
0.00694448
0.00690449
0.0068645
0.00682457
0.00678477
0.00674503
0.00670541
0.00666586
0.00662646
0.00658715
0.006548
0.00650897
0.00647013
0.00643141
0.0063929
0.00635453
0.00631639
0.00627842
0.00624068
0.00620313
0.00616584
0.00612875
0.00609194
0.00605536
0.00601906
0.00598302
0.00594728
0.00591181
0.00587668
0.00584182
0.00580731
0.00577311
0.00573927
0.00570574
0.00567261
0.00563979
0.00560739
0.00557531
0.00554367
0.00551236
0.00548151
0.00545099
0.00542096
0.00539125
0.00536209
0.00533329
0.00530506
0.00527725
0.00524989
0.00522303
0.00519665
0.00517124
0.00714296
0.00710595
0.00706952
0.00703354
0.0069973
0.00696109
0.00692496
0.006889
0.00685311
0.00681735
0.00678167
0.00674614
0.0067107
0.00667541
0.00664023
0.00660522
0.00657031
0.0065356
0.006501
0.0064666
0.00643234
0.00639828
0.00636438
0.00633069
0.00629717
0.00626387
0.00623076
0.00619789
0.00616521
0.00613278
0.00610056
0.00606861
0.00603687
0.00600542
0.00597418
0.00594325
0.00591253
0.00588214
0.00585196
0.00582213
0.00579251
0.00576326
0.00573422
0.00570557
0.00567712
0.00564909
0.00562125
0.00559385
0.00556665
0.00553986
0.00551331
0.00548712
0.00546125
0.00543581
0.00541116
0.00722271
0.00718869
0.00715491
0.00712154
0.00708796
0.00705443
0.00702099
0.00698769
0.00695447
0.00692137
0.00688836
0.00685548
0.00682268
0.00679003
0.00675748
0.00672507
0.00669277
0.00666062
0.00662859
0.00659672
0.00656497
0.0065334
0.00650196
0.0064707
0.00643957
0.00640864
0.00637785
0.00634726
0.00631682
0.0062866
0.00625653
0.00622668
0.00619698
0.00616753
0.00613823
0.00610917
0.00608028
0.00605165
0.00602317
0.00599496
0.00596691
0.00593915
0.00591153
0.00588423
0.00585706
0.00583021
0.00580348
0.00577711
0.00575086
0.005725
0.00569925
0.00567385
0.00564861
0.00562381
0.00559959
0.00728393
0.00725216
0.00722065
0.0071895
0.00715807
0.00712667
0.0070953
0.00706405
0.00703284
0.00700175
0.00697069
0.00693977
0.0069089
0.00687818
0.00684752
0.00681701
0.00678658
0.00675631
0.00672612
0.00669608
0.00666614
0.00663637
0.00660669
0.00657718
0.00654777
0.00651854
0.00648942
0.00646047
0.00643164
0.00640298
0.00637445
0.00634611
0.00631788
0.00628985
0.00626195
0.00623424
0.00620665
0.00617928
0.00615202
0.00612499
0.00609806
0.00607138
0.00604479
0.00601847
0.00599222
0.00596625
0.00594034
0.00591474
0.00588919
0.00586396
0.00583878
0.00581389
0.00578912
0.00576474
0.00574084
0.0073335
0.00730301
0.00727255
0.00724242
0.00721206
0.00718172
0.00715141
0.00712123
0.00709107
0.00706102
0.007031
0.00700111
0.00697127
0.00694155
0.0069119
0.00688239
0.00685294
0.00682364
0.00679441
0.00676533
0.00673633
0.00670749
0.00667872
0.00665012
0.00662161
0.00659326
0.006565
0.00653692
0.00650893
0.00648111
0.0064534
0.00642586
0.00639843
0.00637119
0.00634405
0.00631711
0.00629026
0.00626363
0.00623709
0.00621078
0.00618456
0.00615857
0.00613266
0.00610701
0.00608143
0.0060561
0.00603084
0.00600586
0.00598093
0.0059563
0.00593171
0.00590738
0.00588315
0.00585932
0.00583584
0.00735895
0.00732907
0.00729922
0.00726976
0.00724011
0.00721052
0.007181
0.00715162
0.0071223
0.0070931
0.00706396
0.00703494
0.00700597
0.00697714
0.00694836
0.00691971
0.00689112
0.00686266
0.00683427
0.00680602
0.00677783
0.00674978
0.0067218
0.00669396
0.0066662
0.00663858
0.00661104
0.00658364
0.00655633
0.00652916
0.00650208
0.00647515
0.0064483
0.00642161
0.006395
0.00636856
0.00634219
0.006316
0.00628989
0.00626397
0.00623812
0.00621247
0.00618688
0.0061615
0.00613617
0.00611107
0.006086
0.00606118
0.00603637
0.00601184
0.0059873
0.00596302
0.0059388
0.00591498
0.00589141
-0.0789113
-0.000432842
0.0205841
0.0104196
0.00485602
0.00537848
0.00541009
0.00464449
0.00402024
0.00352878
0.00304285
0.00256355
0.00210175
0.00165408
0.00119005
0.000735339
0.000177614
-0.0740524
0.000305275
0.0202666
0.010307
0.00477987
0.00531829
0.00536092
0.00460603
0.00399113
0.00350615
0.00302549
0.00254981
0.00209142
0.00164718
0.00118556
0.000729912
0.000173556
-0.0666679
0.000325621
0.0194766
0.0101502
0.00471057
0.00526825
0.00532653
0.00457846
0.0039693
0.00348809
0.0030109
0.00253748
0.00208223
0.00163787
0.00118244
0.000721826
0.000166996
-0.0584576
-0.000170752
0.018778
0.0101306
0.00471745
0.00523061
0.0053147
0.00456558
0.00395898
0.00347852
0.00300356
0.00253067
0.00207573
0.00163271
0.00117817
0.000723125
0.000155191
-0.0505152
-0.000692656
0.018001
0.010097
0.0047289
0.00519348
0.00530624
0.00456066
0.00395663
0.00347652
0.00300279
0.00253001
0.00207437
0.00163258
0.00118167
0.000733144
0.000140636
-0.0432031
-0.00116213
0.0170739
0.0100029
0.00473813
0.00515
0.00529033
0.00455873
0.00395614
0.00347728
0.00300493
0.0025329
0.00207792
0.00163396
0.00119829
0.000739062
0.000128979
-0.0366237
-0.00152109
0.0160188
0.00983095
0.00477598
0.00508623
0.0052627
0.00455348
0.00395203
0.00347523
0.0030059
0.00253563
0.00208193
0.00163595
0.00121657
0.000745527
0.000120142
-0.0307237
-0.00171252
0.0148491
0.00954556
0.0048701
0.00500544
0.00522273
0.00454495
0.00394368
0.00346839
0.00300289
0.00253535
0.00208388
0.00163614
0.00123303
0.000752305
0.00011315
-0.0252103
-0.00174075
0.0135773
0.00915323
0.00494668
0.00494654
0.00517196
0.00453348
0.00393197
0.00345744
0.0029959
0.00253137
0.0020831
0.0016335
0.0012449
0.000757473
0.00010891
-0.0206112
-0.00162652
0.0122035
0.00874385
0.00503288
0.00490377
0.00510465
0.00451451
0.00391637
0.00344265
0.00298575
0.00252452
0.00207961
0.00162863
0.00124973
0.000760097
0.000109154
-0.0164113
-0.00144676
0.0108038
0.00833552
0.00513024
0.00483567
0.00501117
0.004483
0.00389527
0.00342363
0.00297246
0.00251532
0.00207354
0.00162225
0.00124689
0.000759976
0.000115486
-0.0126573
-0.00111932
0.00941853
0.007932
0.00521188
0.00477091
0.00490101
0.00443888
0.00386772
0.0033997
0.00295504
0.00250338
0.00206432
0.00161425
0.00123455
0.000756975
0.000128532
-0.00941756
-0.000682445
0.00813684
0.00749295
0.00524766
0.00470574
0.00478665
0.00438348
0.00383505
0.00337079
0.00293412
0.00248838
0.00205285
0.00160514
0.00121095
0.000751582
0.000149938
-0.00664979
-0.000133303
0.00700801
0.00702248
0.00525244
0.00462074
0.00466166
0.00431322
0.00379253
0.00333598
0.00290431
0.00246901
0.00203261
0.00159533
0.0011702
0.000736338
0.000177445
-0.00434248
0.000471746
0.00607395
0.00659281
0.00518735
0.00456478
0.00453065
0.00423046
0.00374388
0.00329555
0.00287189
0.0024435
0.00200993
0.00157781
0.00114744
0.000707283
0.000206406
-0.00244868
0.00107619
0.00536268
0.00614184
0.0050794
0.00451384
0.00441597
0.00414591
0.00369381
0.00325479
0.00283817
0.00241702
0.00198723
0.001558
0.00112844
0.00068012
0.000225745
-0.000844603
0.00163507
0.00484581
0.00572082
0.00497928
0.00444811
0.00431139
0.00406198
0.003641
0.00321304
0.00280085
0.00238996
0.00196008
0.00153977
0.00109714
0.000663545
0.000234321
0.000545805
0.00213074
0.00448779
0.00535418
0.00486507
0.00438436
0.00421507
0.00397632
0.00358537
0.00316736
0.00276353
0.00235804
0.00193525
0.0015152
0.00107683
0.000646854
0.000236283
0.00164363
0.00259146
0.00427018
0.00504749
0.00474834
0.00432601
0.00412506
0.00389152
0.00352558
0.00312198
0.00272339
0.00232642
0.00190705
0.0014928
0.00105405
0.000630204
0.000233907
0.00250171
0.00303887
0.00416497
0.00480172
0.00463625
0.00426866
0.00404339
0.00380834
0.00346526
0.00307441
0.00268292
0.00229229
0.00187874
0.00146932
0.0010344
0.000614622
0.00023022
0.00320074
0.00345863
0.00415076
0.00461419
0.00453091
0.00421018
0.00396861
0.0037301
0.00340399
0.00302627
0.00264196
0.00225722
0.00185096
0.00144465
0.00101856
0.000601156
0.000225116
0.00376837
0.00382108
0.00420378
0.00449019
0.00443492
0.00415105
0.00390155
0.00365654
0.00334242
0.00297724
0.00260065
0.00222096
0.00182342
0.00141798
0.00100844
0.000588218
0.000219938
0.00423639
0.00413704
0.00429634
0.00443162
0.00436819
0.00410098
0.00384552
0.0035918
0.00328507
0.00293003
0.00256097
0.0021861
0.00179608
0.00139386
0.00099581
0.000576862
0.000215946
0.0046133
0.00441418
0.0043975
0.00441277
0.00431353
0.00405825
0.0037971
0.00353326
0.00322934
0.00288371
0.00252163
0.0021515
0.00176783
0.00137084
0.000979837
0.000566258
0.000211571
0.00491738
0.00465006
0.00450732
0.00442104
0.00427701
0.00402534
0.00375841
0.0034843
0.00318128
0.00284179
0.00248571
0.00211984
0.00174123
0.00135055
0.000962081
0.000557581
0.000207563
0.0051619
0.00484067
0.00461359
0.00444396
0.00425461
0.00400137
0.00372741
0.00344291
0.00313803
0.00280341
0.00245232
0.00209061
0.00171513
0.00133309
0.000939233
0.000549597
0.000204285
0.00535297
0.00499455
0.00471044
0.00447736
0.00424745
0.00398557
0.00370414
0.00341056
0.00310216
0.00277059
0.00242328
0.00206452
0.0016932
0.00131565
0.000925829
0.000542307
0.000201521
0.00549571
0.00511253
0.00478928
0.00451258
0.00425107
0.0039767
0.00368817
0.00338777
0.00307583
0.00274549
0.00240072
0.00204399
0.00167718
0.00130002
0.000922737
0.00053653
0.000198877
0.00559331
0.00519364
0.00484467
0.00453923
0.00425476
0.00396867
0.00367428
0.00336941
0.003055
0.00272532
0.00238247
0.0020281
0.00166304
0.00129102
0.00091044
0.000532586
0.0001976
0.00564779
0.00524246
0.0048829
0.00456331
0.00426576
0.00397133
0.00367179
0.00336341
0.00304605
0.00271571
0.00237301
0.00201908
0.00165636
0.00128299
0.00091454
0.000528869
0.000196013
)
;

boundaryField
{
    inlet
    {
        type            zeroGradient;
    }
    outlet
    {
        type            totalPressure;
        rho             rho;
        psi             none;
        gamma           1;
        p0              uniform 0;
        value           uniform 0;
    }
    topWall
    {
        type            zeroGradient;
    }
    floorWall
    {
        type            zeroGradient;
    }
    frontAndBack
    {
        type            empty;
    }
    building
    {
        type            zeroGradient;
    }
}


// ************************************************************************* //
